                   0;             27624702
                   1;             29653890
                   2;             21400785
                   3;             22885937
                   4;             20749012
                   5;             20394150
                   6;             21347470
                   7;             19590144
                   8;             23028869
                   9;             22637706
                  10;             21912996
                  11;             21975723
                  12;             22340000
                  13;             47785794
                  14;             23754381
                  15;             24052602
                  16;             23166192
                  17;             20160000
                  18;             20476386
                  19;             20974695
                  20;             21786723
                  21;             20621832
                  22;             20559525
                  23;             27177108
                  24;             25418726
                  25;             21023520
                  26;             22758036
                  27;             20403369
                  28;             20197296
                  29;             26722525
                  30;             19387851
                  31;             20693957
                  32;             19499319
                  33;             19562991
                  34;             23738673
                  35;             29831264
                  36;             28987266
                  37;             24411954
                  38;             20764548
                  39;             31512564
                  40;             22443939
                  41;             20100402
                  42;             22147146
                  43;             21861793
                  44;             21558033
                  45;             19840317
                  46;             19606902
                  47;             20658309
                  48;             19750290
                  49;             19523469
                  50;             20181084
                  51;             21438001
                  52;             19803021
                  53;             21160923
                  54;             21428411
                  55;             20174301
                  56;             20041816
                  57;             24604923
                  58;             20913375
                  59;             21483819
                  60;             19823853
                  61;             19764822
                  62;             21541149
                  63;             19807221
                  64;             23053128
                  65;             25138134
                  66;             20753212
                  67;             26465271
                  68;             22073688
                  69;             21490371
                  70;             31717403
                  71;             34268703
                  72;             25672210
                  73;             30246468
                  74;             20743765
                  75;             21711564
                  76;             20008359
                  77;             20998215
                  78;             20884920
                  79;             24496374
                  80;             23682498
                  81;             23803416
                  82;             20334329
                  83;             20480838
                  84;             21615614
                  85;             46284892
                  86;             31833722
                  87;             23494926
                  88;             20987820
                  89;             23750832
                  90;             23984520
                  91;             20324535
                  92;             32862438
                  93;             22605996
                  94;             20316198
                  95;             24106152
                  96;             22912890
                  97;             23008612
                  98;             22476447
                  99;             22686132
                 100;             23120559
                 101;             19706925
                 102;             23746842
                 103;             25147916
                 104;             32862746
                 105;             23625168
                 106;             20641005
                 107;             21091749
                 108;             28151167
                 109;             33311044
                 110;             23069697
                 111;             30398634
                 112;             24932565
                 113;             24986472
                 114;             21141561
                 115;             20951028
                 116;             21528528
                 117;             32057718
                 118;             25944849
                 119;             19480923
                 120;             23363634
                 121;             22441944
                 122;             21591717
                 123;             24505950
                 124;             39409982
                 125;             23397087
                 126;             23335032
                 127;             34705732
                 128;             24286017
                 129;             19495245
                 130;             20183289
                 131;             23918538
                 132;             23055144
                 133;             22812006
                 134;             21690140
                 135;             22999095
                 136;             22322475
                 137;             22268358
                 138;             22240617
                 139;             23594025
                 140;             23756523
                 141;             24785964
                 142;             23661246
                 143;             20596212
                 144;             23896614
                 145;             23339274
                 146;             21590079
                 147;             23852913
                 148;             19981164
                 149;             29223449
                 150;             25063794
                 151;             25160058
                 152;             23171190
                 153;             20567274
                 154;             20534640
                 155;             22672335
                 156;             20692623
                 157;             20644995
                 158;             21357210
                 159;             31598309
                 160;             20952897
                 161;             23626512
                 162;             21805980
                 163;             22542639
                 164;             21729565
                 165;             21642079
                 166;             20867700
                 167;             22760157
                 168;             23136540
                 169;             21091791
                 170;             30628967
                 171;             22579536
                 172;             21729414
                 173;             19859490
                 174;             27068727
                 175;             20140659
                 176;             22884656
                 177;             31337565
                 178;             22513176
                 179;             20603142
                 180;             23408070
                 181;             22030995
                 182;             20811924
                 183;             23289840
                 184;             19528047
                 185;             23201598
                 186;             23753772
                 187;             21360486
                 188;             25872231
                 189;             25769394
                 190;             21051072
                 191;             23163294
                 192;             37059813
                 193;             22856694
                 194;             31519803
                 195;             30356970
                 196;             31338950
                 197;             29342187
                 198;             21857976
                 199;             21811755
                 200;             22763223
                 201;             21616917
                 202;             20478423
                 203;             21384598
                 204;             24169135
                 205;             20920263
                 206;             21148155
                 207;             20542473
                 208;             20368093
                 209;             20779874
                 210;             21068313
                 211;             21428979
                 212;             23768927
                 213;             20986644
                 214;             20502111
                 215;             22599213
                 216;             22846663
                 217;             20343015
                 218;             23421531
                 219;             20572440
                 220;             20640123
                 221;             22149347
                 222;             22342925
                 223;             39448810
                 224;             59554469
                 225;             27913322
                 226;             20247990
                 227;             21095214
                 228;             19973562
                 229;             20418993
                 230;             25752664
                 231;             20189169
                 232;             21188335
                 233;             19691784
                 234;             21281190
                 235;             33165174
                 236;             19838994
                 237;             22263108
                 238;             23700369
                 239;             19957245
                 240;             19680297
                 241;             20490897
                 242;             22109871
                 243;             21608345
                 244;             20770512
                 245;             21184653
                 246;             21245469
                 247;             20349651
                 248;             19772214
                 249;             24291708
                 250;             23980593
                 251;             20543061
                 252;             23502003
                 253;             29243071
                 254;             22609734
                 255;             21271026
                 256;             20343309
                 257;             22154975
                 258;             21389865
                 259;             25269153
                 260;             20646150
                 261;             30994845
                 262;             20579391
                 263;             32039049
                 264;             31734791
                 265;             30934180
                 266;             29614557
                 267;             29793729
                 268;             26547150
                 269;             19992693
                 270;             30295944
                 271;             20891745
                 272;             20389425
                 273;             20757093
                 274;             20526811
                 275;             20381844
                 276;             26195232
                 277;             20760789
                 278;             20206557
                 279;             21026590
                 280;             21641277
                 281;             21433289
                 282;             29612709
                 283;             30795114
                 284;             20422353
                 285;             21738402
                 286;             26838647
                 287;             24306156
                 288;             20329029
                 289;             27029093
                 290;             20723514
                 291;             20402046
                 292;             20239863
                 293;             19352130
                 294;             20999454
                 295;             19698882
                 296;             23344860
                 297;             20803272
                 298;             21103324
                 299;             20466033
                 300;             20056575
                 301;             21671790
                 302;             20949117
                 303;             21868031
                 304;             20517924
                 305;             20449716
                 306;             30761850
                 307;             20450661
                 308;             21015712
                 309;             22879752
                 310;             19725258
                 311;             25055394
                 312;             20792688
                 313;             19923015
                 314;             19456920
                 315;             22762866
                 316;             20559609
                 317;             34999482
                 318;             24908499
                 319;             25254810
                 320;             23947287
                 321;             29507440
                 322;             24768009
                 323;             24766644
                 324;             24790248
                 325;             25208064
                 326;             26413937
                 327;             26319619
                 328;             24166359
                 329;             26745499
                 330;             25220664
                 331;             27978531
                 332;             28726257
                 333;             24518235
                 334;             27420267
                 335;             24280452
                 336;             24569349
                 337;             26003397
                 338;             25386144
                 339;             25119822
                 340;             29852361
                 341;             26571741
                 342;             24520272
                 343;             25912572
                 344;             29848172
                 345;             25705012
                 346;             26000482
                 347;             28166975
                 348;             24802747
                 349;             23927568
                 350;             25126378
                 351;             25338751
                 352;             31245018
                 353;             30395484
                 354;             23471893
                 355;             20903127
                 356;             20397489
                 357;             22636520
                 358;             23565276
                 359;             19311243
