                   0;             23974272
                   1;             27014106
                   2;             25863285
                   3;             22895502
                   4;             21188727
                   5;             23129232
                   6;             30565290
                   7;             28347585
                   8;             22205148
                   9;             20609379
                  10;             21029862
                  11;             19667109
                  12;             20017788
                  13;             20231169
                  14;             25801927
                  15;             23113818
                  16;             22833378
                  17;             21336042
                  18;             20182680
                  19;             32322322
                  20;             20705811
                  21;             30938271
                  22;             20790168
                  23;             22075393
                  24;             22581304
                  25;             32622381
                  26;             21099519
                  27;             22063755
                  28;             27107031
                  29;             23305548
                  30;             26598394
                  31;             20251665
                  32;             21167874
                  33;             21349398
                  34;             28576783
                  35;             24587178
                  36;             30928527
                  37;             22124844
                  38;             22006509
                  39;             21143514
                  40;             21951636
                  41;             23873224
                  42;             21318591
                  43;             27917950
                  44;             24619497
                  45;             22803270
                  46;             21501249
                  47;             21958020
                  48;             21345933
                  49;             21573573
                  50;             21916251
                  51;             21866880
                  52;             20548941
                  53;             22763832
                  54;             22749136
                  55;             22554865
                  56;             20947017
                  57;             24388550
                  58;             23311355
                  59;             20076483
                  60;             21812301
                  61;             23854320
                  62;             22988536
                  63;             25225834
                  64;             20267856
                  65;             19936350
                  66;             22930404
                  67;             24581643
                  68;             22322475
                  69;             21399903
                  70;             20835297
                  71;             20677881
                  72;             23008713
                  73;             19555599
                  74;             20400450
                  75;             22696653
                  76;             40429729
                  77;             23416449
                  78;             30734844
                  79;             20727210
                  80;             20867301
                  81;             23634744
                  82;             21224102
                  83;             22717758
                  84;             23203194
                  85;             24768671
                  86;             21666246
                  87;             31435866
                  88;             19773306
                  89;             20228502
                  90;             28355271
                  91;             22063318
                  92;             22595475
                  93;             21090657
                  94;             30301425
                  95;             23076480
                  96;             20729163
                  97;             32193735
                  98;             24635184
                  99;             22578423
                 100;             20342217
                 101;             24279276
                 102;             24933573
                 103;             31161396
                 104;             23577204
                 105;             21514966
                 106;             22752996
                 107;             23324270
                 108;             31136133
                 109;             30879444
                 110;             24236224
                 111;             19638045
                 112;             21937692
                 113;             20637309
                 114;             21517986
                 115;             21010109
                 116;             21579747
                 117;             32140479
                 118;             23010540
                 119;             21064533
                 120;             21624729
                 121;             21640227
                 122;             23026668
                 123;             21020874
                 124;             20737164
                 125;             22111740
                 126;             21116445
                 127;             29295421
                 128;             26741610
                 129;             20508957
                 130;             22336062
                 131;             24043929
                 132;             29606199
                 133;             31197054
                 134;             32803764
                 135;             31052595
                 136;             30984702
                 137;             32128824
                 138;             30734697
                 139;             23088219
                 140;             21476847
                 141;             23285955
                 142;             19862535
                 143;             23914538
                 144;             22392321
                 145;             20491716
                 146;             22687203
                 147;             20336379
                 148;             22165500
                 149;             22529619
                 150;             22751799
                 151;             23285210
                 152;             20747549
                 153;             28571109
                 154;             20827090
                 155;             23405928
                 156;             23734872
                 157;             36238055
                 158;             31503675
                 159;             28277130
                 160;             23274073
                 161;             23534700
                 162;             20292489
                 163;             20671182
                 164;             20636490
                 165;             23417856
                 166;             22387974
                 167;             23005857
                 168;             21195132
                 169;             20809005
                 170;             20771310
                 171;             22528737
                 172;             22727964
                 173;             22466304
                 174;             23056992
                 175;             23208864
                 176;             22101975
                 177;             29815842
                 178;             30720102
                 179;             19289676
                 180;             21545769
                 181;             22849806
                 182;             21069657
                 183;             30233616
                 184;             30572795
                 185;             26824165
                 186;             20883555
                 187;             23097522
                 188;             30731924
                 189;             29352854
                 190;             20545098
                 191;             19867134
                 192;             21099981
                 193;             28306079
                 194;             30905112
                 195;             28645428
                 196;             21261597
                 197;             21585627
                 198;             20732523
                 199;             20262522
                 200;             21767382
                 201;             26964630
                 202;             20901342
                 203;             30378999
                 204;             21043071
                 205;             21359079
                 206;             24830547
                 207;             22410119
                 208;             20838216
                 209;             20396607
                 210;             19723179
                 211;             34726587
                 212;             21922928
                 213;             20907411
                 214;             30294726
                 215;             24816645
                 216;             24366829
                 217;             22770090
                 218;             19704027
                 219;             20227389
                 220;             20145342
                 221;             19684728
                 222;             21796924
                 223;             20552805
                 224;             20387850
                 225;             20227683
                 226;             21572145
                 227;             20538399
                 228;             20457696
                 229;             22825215
                 230;             22829646
                 231;             21260169
                 232;             21176673
                 233;             47460357
                 234;             25409076
                 235;             32643240
                 236;             28687071
                 237;             22257585
                 238;             25501938
                 239;             21679476
                 240;             22388414
                 241;             22649298
                 242;             20362293
                 243;             21904113
                 244;             20263803
                 245;             40085384
                 246;             30627765
                 247;             22854489
                 248;             30587158
                 249;             25118520
                 250;             32940898
                 251;             26824665
                 252;             28649397
                 253;             26106486
                 254;             25188576
                 255;             25592847
                 256;             23219742
                 257;             23506986
                 258;             21572670
                 259;             19650729
                 260;             20280204
                 261;             25551011
                 262;             24585099
                 263;             21197568
                 264;             20704803
                 265;             20560323
                 266;             20653437
                 267;             19732230
                 268;             33836124
                 269;             31296468
                 270;             22008994
                 271;             21150024
                 272;             21942375
                 273;             33188462
                 274;             20239527
                 275;             20625528
                 276;             25994613
                 277;             22585370
                 278;             20954955
                 279;             49488768
                 280;             19500789
                 281;             20909784
                 282;             20175099
                 283;             28314128
                 284;             22635522
                 285;             20339025
                 286;             20940696
                 287;             25533249
                 288;             23478511
                 289;             21069384
                 290;             33301610
                 291;             22312899
                 292;             30883293
                 293;             22453347
                 294;             30903033
                 295;             19881498
                 296;             29002911
                 297;             28539583
                 298;             23864484
                 299;             36201690
                 300;             26488765
                 301;             24477810
                 302;             32720268
                 303;             24461241
                 304;             22755369
                 305;             22663893
                 306;             31207743
                 307;             25205859
                 308;             25939701
                 309;             24413214
                 310;             23492805
                 311;             22724541
                 312;             22790355
                 313;             23597343
                 314;             20413050
                 315;             32173805
                 316;             23851107
                 317;             27693618
                 318;             20639262
                 319;             20974359
                 320;             20017326
                 321;             22398159
                 322;             22570070
                 323;             20972763
                 324;             21281946
                 325;             22551165
                 326;             20887881
                 327;             23643610
                 328;             23295699
                 329;             29585514
                 330;             38615220
                 331;             23976414
                 332;             22852960
                 333;             25198229
                 334;             30955134
                 335;             20614461
                 336;             33986762
                 337;             23512398
                 338;             21746361
                 339;             21098406
                 340;             35416520
                 341;             22228731
                 342;             20235516
                 343;             19876962
                 344;             21443982
                 345;             34417207
                 346;             26614955
                 347;             28525512
                 348;             26468770
                 349;             19863123
                 350;             28834050
                 351;             21738272
                 352;             20687940
                 353;             20019615
                 354;             23246685
                 355;             22252167
                 356;             22483213
                 357;             20598921
                 358;             20338269
                 359;             19903086
