                   0;            957462324
                   1;           1109850479
                   2;           1088039306
                   3;           1062027507
                   4;           1063059711
                   5;            882760406
                   6;            868676504
                   7;            931927006
                   8;            876634748
                   9;           1009145942
                  10;            921740239
                  11;            947359152
                  12;            926413270
                  13;            922043860
                  14;            919644785
                  15;            952276332
                  16;            937830722
                  17;           1043508490
                  18;            948782846
                  19;           1038480341
                  20;            913051608
                  21;            938022918
                  22;            937342770
                  23;            989928631
                  24;            948059845
                  25;           1015516593
                  26;            920625544
                  27;            906513346
                  28;            937164673
                  29;            961515807
                  30;            985488416
                  31;            923678284
                  32;            972738071
                  33;           1064382375
                  34;           1007509738
                  35;           1407315861
                  36;            948812214
                  37;           1056253775
                  38;            972596310
                  39;            922079200
                  40;           1036990154
                  41;           1002717626
                  42;            993154281
                  43;            977258961
                  44;            980760364
                  45;            976386428
                  46;            903294084
                  47;            976203067
                  48;           1009299041
                  49;            938131799
                  50;            948927599
                  51;           1140868985
                  52;           1022218314
                  53;            879148921
                  54;           1026114810
                  55;            907311569
                  56;            986799282
                  57;            891661738
                  58;            939211525
                  59;           1027672683
                  60;           1108451560
                  61;            986092607
                  62;            998000756
                  63;           1018597100
                  64;            939102204
                  65;            941367357
                  66;           1301329764
                  67;           1001444997
                  68;            881297107
                  69;            942977469
                  70;            962630512
                  71;           1011223701
                  72;           1010796694
                  73;            878116302
                  74;            949041303
                  75;           1014953667
                  76;           1014138489
                  77;            976156526
                  78;            942710504
                  79;            921256530
                  80;           1182098329
                  81;           1265079618
                  82;           1130915470
                  83;            975385290
                  84;            958183371
                  85;           1008958711
                  86;            908701609
                  87;            900388633
                  88;            978682509
                  89;            908459368
                  90;            925425492
                  91;            905702740
                  92;           1000880702
                  93;           1089208067
                  94;            912846795
                  95;           1072720706
                  96;           1083117723
                  97;           1009335663
                  98;            996401879
                  99;            909221901
                 100;           1133056575
                 101;            959952207
                 102;            988626247
                 103;            978933088
                 104;            970982026
                 105;            899893969
                 106;            913734347
                 107;            922511457
                 108;            945226758
                 109;           1069285256
                 110;            964459723
                 111;            898079049
                 112;           1199927841
                 113;            956415474
                 114;            901610451
                 115;            914890641
                 116;            969096121
                 117;           1045808001
                 118;            960104271
                 119;            978753682
                 120;           1056315655
                 121;            991629173
                 122;            954101871
                 123;            979605161
                 124;            953242651
                 125;            930832179
                 126;           1040712288
                 127;            932599617
                 128;           1035639650
                 129;            973879420
                 130;            957680539
                 131;            973559244
                 132;            932850698
                 133;            905181690
                 134;           1095808287
                 135;            943132113
                 136;           1022713356
                 137;           1049301523
                 138;           1047964862
                 139;            865548306
                 140;            933950069
                 141;            937417303
                 142;            946299522
                 143;            956160839
                 144;            895644788
                 145;            957217709
                 146;            935482876
                 147;            868236142
                 148;            940152478
                 149;           1071250341
                 150;           1049673830
                 151;            898998712
                 152;            917183330
                 153;            884607937
                 154;            930081579
                 155;            933033612
                 156;            945075262
                 157;           1019541226
                 158;            926231933
                 159;            904834525
                 160;            922042124
                 161;            978569147
                 162;            987974827
                 163;            880215460
                 164;            959704234
                 165;            884744330
                 166;            921498967
                 167;            917512806
                 168;            910892827
                 169;           1123269924
                 170;            996251655
                 171;           1125785556
                 172;            900264947
                 173;           1048064820
                 174;            983353455
                 175;            907238073
                 176;            974626010
                 177;            945020530
                 178;            993988224
                 179;           1070676188
                 180;            912446647
                 181;            894382910
                 182;            919508182
                 183;           1024549614
                 184;           1020349439
                 185;           1008659883
                 186;            936431527
                 187;            999649295
                 188;           1009993450
                 189;            984867945
                 190;            938892297
                 191;            990944085
                 192;           1002773629
                 193;            956966174
                 194;            880787425
                 195;            972438024
                 196;            936851983
                 197;            943741752
                 198;            901014037
                 199;            937777776
                 200;            961883588
                 201;           1040363503
                 202;            896771244
                 203;            968119311
                 204;            987197253
                 205;            907567533
                 206;           1024959544
                 207;            948984342
                 208;            888719900
                 209;            908053538
                 210;            959888454
                 211;            992828105
                 212;           1054375547
                 213;            915335213
                 214;            905987009
                 215;            978550713
                 216;            990687873
                 217;            903642658
                 218;            999129007
                 219;            956525014
                 220;            955366956
                 221;            954326188
                 222;            903452263
                 223;            922435823
                 224;           1074621461
                 225;            999189240
                 226;            971122311
                 227;            930269772
                 228;            969178719
                 229;           1203108312
                 230;           1032895512
                 231;           1061937837
                 232;            958989750
                 233;            966241036
                 234;            892337952
                 235;            902119610
                 236;           1033361570
                 237;            948491264
                 238;            910939239
                 239;            893277530
                 240;            931378411
                 241;            939393420
                 242;            871685619
                 243;           1017016509
                 244;            917868789
                 245;           1034036430
                 246;            901967024
                 247;            873313463
                 248;            964881624
                 249;            965146882
                 250;           1041484825
                 251;            974002688
                 252;           1093420503
                 253;           1108174272
                 254;           1013673066
                 255;           1078535780
                 256;           1009337754
                 257;            978248460
                 258;            949289724
                 259;           1198163110
                 260;            974264592
                 261;            870044196
                 262;            896104675
                 263;            942401876
                 264;            926909831
                 265;            911055644
                 266;            901162450
                 267;            881987423
                 268;            870295242
                 269;            884536798
                 270;           1037898078
                 271;            913438403
                 272;            915457956
                 273;            918324968
                 274;            998511872
                 275;            974686473
                 276;            985729542
                 277;            973205868
                 278;           1009137260
                 279;            939877020
                 280;           1171151888
                 281;           1100010198
                 282;            939013562
                 283;           1036658595
                 284;           1004382048
                 285;           1260627984
                 286;           1139649793
                 287;           1105377453
                 288;            882144934
                 289;            907034436
                 290;            877131822
                 291;           1119464674
                 292;            943692139
                 293;            937994790
                 294;            926800193
                 295;            936488448
                 296;            979277485
                 297;           1070698200
                 298;           1040977740
                 299;           1009301949
                 300;           1059596447
                 301;            898069191
                 302;           1062108124
                 303;           1011091861
                 304;            941751671
                 305;           1013962530
                 306;           1130720766
                 307;           1040620738
                 308;           1052210313
                 309;           1017725457
                 310;            882844620
                 311;            927079034
                 312;            896655890
                 313;           1091492374
                 314;            997067526
                 315;            898787365
                 316;            900426779
                 317;           1035723910
                 318;           1056017298
                 319;            988497776
                 320;            940464357
                 321;            908501479
                 322;            899509093
                 323;           1061788258
                 324;            944551552
                 325;           1008312711
                 326;            955482360
                 327;            988532177
                 328;            989963245
                 329;            906373419
                 330;           1008908065
                 331;            919444970
                 332;           1038570347
                 333;            873941859
                 334;           1025755052
                 335;            929707310
                 336;            984752909
                 337;            945995197
                 338;           1022998305
                 339;           1062987765
                 340;           1088220343
                 341;            951952792
                 342;           1021288111
                 343;            970930893
                 344;            938722029
                 345;            933458158
                 346;            910278869
                 347;            962861375
                 348;            909119127
                 349;            993325456
                 350;            929176152
                 351;           1117227793
                 352;            919652615
                 353;            954575475
                 354;           1007808669
                 355;           1011700750
                 356;            940176018
                 357;            960689461
                 358;           1106878288
                 359;           1157335565
