                   0;             57092196
                   1;             51196082
                   2;             51173780
                   3;             51262736
                   4;             51169454
                   5;             51207660
                   6;             51163966
                   7;             51193590
                   8;             51190006
                   9;             51201570
                  10;             51213946
                  11;             51147264
                  12;             51157596
                  13;             51225524
                  14;             51189404
                  15;             51191546
                  16;             51146662
                  17;             51147054
                  18;             51173304
                  19;             51178400
                  20;             51109422
                  21;             51134286
                  22;             51162076
                  23;             51125802
                  24;             51159570
                  25;             51164666
                  26;             51141818
                  27;             51121406
                  28;             51192666
                  29;             51230186
                  30;             51173150
                  31;             51175068
                  32;             51217726
                  33;             51505048
                  34;             51172352
                  35;             51110612
                  36;             51150358
                  37;             51157722
                  38;             51164288
                  39;             51163896
                  40;             51114644
                  41;             51093056
                  42;             51148930
                  43;             51112236
                  44;             51189180
                  45;             51168726
                  46;             51199638
                  47;             51240000
                  48;             51250262
                  49;             51144940
                  50;             51097592
                  51;             51134538
                  52;             51150946
                  53;             51142182
                  54;             51096696
                  55;             51197916
                  56;             51124472
                  57;             51137408
                  58;             51084222
                  59;             51128826
                  60;             51124780
                  61;             51064692
                  62;             51071664
                  63;             51064286
                  64;             51117598
                  65;             51123632
                  66;             51153116
                  67;             51176496
                  68;             51098054
                  69;             51111760
                  70;             51110360
                  71;             51079952
                  72;             51106272
                  73;             51067856
                  74;             51096374
                  75;             51063810
                  76;             51120804
                  77;             51061724
                  78;             51090788
                  79;             51114182
                  80;             51159262
                  81;             51164946
                  82;             51052078
                  83;             51026514
                  84;             51050566
                  85;             51065798
                  86;             51182054
                  87;             51060408
                  88;             51118718
                  89;             51099216
                  90;             51075248
                  91;             51544822
                  92;             51132648
                  93;             51113846
                  94;             51069298
                  95;             51172128
                  96;             51159416
                  97;             51161152
                  98;             51137828
                  99;             51108820
                 100;             51036944
                 101;             51122806
                 102;             51049530
                 103;             51082388
                 104;             51078734
                 105;             51168376
                 106;             51050384
                 107;             51081002
                 108;             51063684
                 109;             51067142
                 110;             51446290
                 111;             51093994
                 112;             51073330
                 113;             51050328
                 114;             51086980
                 115;             51083116
                 116;             51137618
                 117;             51044182
                 118;             51089850
                 119;             51096696
                 120;             51128308
                 121;             51016700
                 122;             51049012
                 123;             50996666
                 124;             51144660
                 125;             51047360
                 126;             51100882
                 127;             51020480
                 128;             51059722
                 129;             51000978
                 130;             51059442
                 131;             51002238
                 132;             51015482
                 133;             51000922
                 134;             50992760
                 135;             51038652
                 136;             51015902
                 137;             51068444
                 138;             51018786
                 139;             51044336
                 140;             51104452
                 141;             51056124
                 142;             51005458
                 143;             51031848
                 144;             51113272
                 145;             51092342
                 146;             51088744
                 147;             51098348
                 148;             51045806
                 149;             51484286
                 150;             51335648
                 151;             51023140
                 152;             50985900
                 153;             51013844
                 154;             51323160
                 155;             51003470
                 156;             50996512
                 157;             50971410
                 158;             50983534
                 159;             51008258
                 160;             51045722
                 161;             50972124
                 162;             51005052
                 163;             51104088
                 164;             51004268
                 165;             51020438
                 166;             51029832
                 167;             51009868
                 168;             51440732
                 169;             51057020
                 170;             51049824
                 171;             51014166
                 172;             51032940
                 173;             51002070
                 174;             51047374
                 175;             51084824
                 176;             51047136
                 177;             51004786
                 178;             51367554
                 179;             51062074
                 180;             51015496
                 181;             51058280
                 182;             51100350
                 183;             51029706
                 184;             51086896
                 185;             51018772
                 186;             51015258
                 187;             51049670
                 188;             51086490
                 189;             51098768
                 190;             51060240
                 191;             51062872
                 192;             51018744
                 193;             51052876
                 194;             51021306
                 195;             51021180
                 196;             50957662
                 197;             51006802
                 198;             50956150
                 199;             51062774
                 200;             50976282
                 201;             51130758
                 202;             50958124
                 203;             51083354
                 204;             51082206
                 205;             51045456
                 206;             51050762
                 207;             51488094
                 208;             51100686
                 209;             51170364
                 210;             51082360
                 211;             51072728
                 212;             51101512
                 213;             51077082
                 214;             51166346
                 215;             51088450
                 216;             51155384
                 217;             51095618
                 218;             51131976
                 219;             51107798
                 220;             51140572
                 221;             51213260
                 222;             51177812
                 223;             51117262
                 224;             51129372
                 225;             51112208
                 226;             51140684
                 227;             51418738
                 228;             51163644
                 229;             51110220
                 230;             51492070
                 231;             51148496
                 232;             51150400
                 233;             51170784
                 234;             51093980
                 235;             51124640
                 236;             51168068
                 237;             51169902
                 238;             51166080
                 239;             51166318
                 240;             51229920
                 241;             51171722
                 242;             51133264
                 243;             51210992
                 244;             51137688
                 245;             51167844
                 246;             51490936
                 247;             51172842
                 248;             51208836
                 249;             51174326
                 250;             51086756
                 251;             51146340
                 252;             51128784
                 253;             51191280
                 254;             51096878
                 255;             51114560
                 256;             51154712
                 257;             51122246
                 258;             51368982
                 259;             51259824
                 260;             51163028
                 261;             51199470
                 262;             51219070
                 263;             51203768
                 264;             51552410
                 265;             51580676
                 266;             51152472
                 267;             51121070
                 268;             51196474
                 269;             51117402
                 270;             51142490
                 271;             51097186
                 272;             51123324
                 273;             51106608
                 274;             51128210
                 275;             51085426
                 276;             51125998
                 277;             51096444
                 278;             51235100
                 279;             51098908
                 280;             51154502
                 281;             51094708
                 282;             51090438
                 283;             51103094
                 284;             51090116
                 285;             51071818
                 286;             51087932
                 287;             51145360
                 288;             51083214
                 289;             51150120
                 290;             51100266
                 291;             51139200
                 292;             51117458
                 293;             51480240
                 294;             51095394
                 295;             51146648
                 296;             51095338
                 297;             51200282
                 298;             51117220
                 299;             51196264
                 300;             51051182
                 301;             51113034
                 302;             51106496
                 303;             51113440
                 304;             51492560
                 305;             51115638
                 306;             51082430
                 307;             51138556
                 308;             51071160
                 309;             51080988
                 310;             51080708
                 311;             51077922
                 312;             51126754
                 313;             51073372
                 314;             51115890
                 315;             51063068
                 316;             51117766
                 317;             51147670
                 318;             51146256
                 319;             51116366
                 320;             51140516
                 321;             51085174
                 322;             51223326
                 323;             51505580
                 324;             51141664
                 325;             51091628
                 326;             51129526
                 327;             51135308
                 328;             51199428
                 329;             51102142
                 330;             51131822
                 331;             51094400
                 332;             51501226
                 333;             51082290
                 334;             51093364
                 335;             51139956
                 336;             51246272
                 337;             51171372
                 338;             51156756
                 339;             51132256
                 340;             51130240
                 341;             51126502
                 342;             51080638
                 343;             51159668
                 344;             51092216
                 345;             51151674
                 346;             51081492
                 347;             51124374
                 348;             51084068
                 349;             51109170
                 350;             51021558
                 351;             51096668
                 352;             51104494
                 353;             51083788
                 354;             51037000
                 355;             51194444
                 356;             51086098
                 357;             51151226
                 358;             51059190
                 359;             51096192
