                   0;              9802359
                   0;              9800889
                   2;              9941946
                   3;              9972144
                   4;             19690188
                   5;             20052732
                   6;             20134590
                   7;             20268927
                   8;             20477604
                   9;             21994917
                  10;              9746961
                  10;              9750258
                  12;              1826055
                  13;              1911273
                  14;              5167008
                  15;              5576592
                  16;              5729115
                  16;              5733084
                  18;              5858370
                  19;              6864753
                  20;             10486854
                  21;             10547208
                  22;              8361381
                  22;              8369676
                  24;             15357930
                  25;             15463413
                  26;             15614151
                  27;             15668415
                  28;             15914199
                  29;             16584120
                  30;             10876173
                  31;             10907190
                  32;              4889052
                  33;              4939872
                  34;              5117847
                  35;              5240214
                  36;              5523819
                  37;              6166461
                  38;             10370850
                  39;             10882767
                  40;             10969308
                  41;             11477151
                  42;             12184032
                  43;             12307008
                  43;             12313077
                  45;             12425721
                  46;             12638514
                  47;             13142199
                  48;              5811393
                  49;              6299055
                  50;             13135143
                  51;             13245624
                  52;             13289367
                  53;             13547352
                  54;             13602645
                  55;             14091462
                  56;                13209
                  57;               117684
                  58;             13376937
                  58;             13400814
                  58;             13375488
                  61;                79443
                  62;               193536
                  63;               566223
                  64;             10544373
                  65;             11256756
                  66;              5526066
                  67;              5554164
                  68;              5608449
                  69;              5817651
                  70;              5860218
                  71;              6251112
                  72;             10592799
                  73;             11303922
                  74;             10790325
                  75;             11483997
                  76;             11790261
                  77;             11973696
                  78;             12005259
                  79;             12161709
                  80;             12826800
                  81;             13613880
                  82;              5103588
                  83;              5731803
                  84;             12314274
                  85;             12472236
                  85;             12474168
                  87;             12798114
                  88;             13413624
                  89;             14090790
                  90;                 2184
                  91;                23142
                  92;             12309528
                  93;             12472488
                  94;             12489225
                  95;             12854016
                  96;               428904
                  97;               444192
                  98;             10790724
                  99;             11343885
                 100;              5015073
                 101;              5195925
                 102;              5215917
                 103;              5617542
                 104;              6005769
                 105;              6653724
                 106;             10626819
                 107;             11523582
                 108;             10776129
                 109;             11477970
                 110;             11563062
                 110;             11568585
                 112;             11634315
                 113;             12156543
                 114;             12413625
                 115;             13065885
                 116;              5546793
                 117;              6354600
                 118;             12608778
                 119;             12673983
                 120;             12705714
                 121;             13392834
                 122;             13536222
                 123;             14175189
                 124;                46830
                 125;                37128
                 126;             12661572
                 127;             12716088
                 128;             12738705
                 129;             13336197
                 130;             13436514
                 131;               487263
                 132;             10806159
                 133;             11393256
                 134;              4742220
                 135;              4827816
                 135;              4828593
                 137;              5435661
                 138;              5509917
                 139;              6834639
                 140;             10943142
                 141;             11504409
                 142;             11012778
                 143;             11142012
                 143;             11149194
                 143;             11143566
                 146;             11531352
                 147;             11841501
                 148;             11924514
                 149;             13022814
                 150;              6046152
                 151;              6395025
                 152;             12361272
                 153;             12428031
                 154;             12455331
                 155;             13161918
                 155;             13162611
                 157;             14237097
                 158;               756756
                 159;                82173
                 160;             11416902
                 161;             12446406
                 162;             12460644
                 163;             12489519
                 164;             13329876
                 165;             11014626
                 166;             11450187
                 167;             11690574
                 168;               405153
                 169;              3047646
                 170;              3217704
                 170;              3223500
                 172;              4416153
                 173;             10287207
                 174;             10441221
                 175;             15381366
                 176;              1196811
                 177;              4631739
                 178;              4914084
                 179;              4941909
                 180;              5610675
                 181;              5652150
                 182;              6053586
                 183;             15857247
                 184;               369789
                 184;               375228
                 186;              1430415
                 187;              5591145
                 188;              6080130
                 189;              6187083
                 190;              7074690
                 191;               782796
                 192;              1972530
                 193;              2054766
                 194;              1416576
                 195;              6493914
                 196;              7027041
                 197;              7364217
                 198;              7958895
                 199;              5911479
                 200;              3833781
                 201;              4069107
                 202;              1086687
                 203;              3073791
                 204;              3682791
                 205;              4023474
                 206;              4596648
                 207;             11479608
                 208;             11813067
                 209;             12041652
                 210;              1103550
                 211;              8246868
                 212;              8806014
                 213;              9108771
                 214;              9867249
                 215;             10574130
                 216;             10802925
                 217;             15549618
                 218;              4633818
                 219;              4564833
                 220;              4751229
                 221;              7801458
                 222;              8490447
                 223;              8719620
                 224;              9577260
                 225;               169911
                 226;              3060498
                 227;              1244418
                 228;              1348284
                 229;              7527408
                 230;              8167299
                 231;              8358441
                 232;              9079602
                 233;             13011495
                 234;              2452989
                 235;               903798
                 235;               909972
                 237;              9332400
                 238;             10242351
                 239;             10308816
                 240;             11245899
                 241;             14355810
                 242;               570339
                 242;               576639
                 244;              1158045
                 245;             10560123
                 246;             11409909
                 247;             11434752
                 248;             12037641
                 249;                17976
                 250;             10921869
                 251;             10986906
                 252;               492576
                 253;                39459
                 254;              1041600
                 255;              1095402
                 256;              1651272
                 257;               415275
                 258;              9591519
                 259;              9753366
                 260;               769062
                 261;              1790376
                 262;              2950731
                 263;              3041535
                 264;                49392
                 265;               575547
                 266;              8483853
                 267;              8563170
                 268;             14192304
                 269;              3439527
                 270;               378147
                 271;               487788
                 272;              1005081
                 273;              1282407
                 274;              8020614
                 274;              8038464
                 276;             13208349
                 277;               138327
                 278;              1375227
                 279;              1422414
                 280;              1706691
                 281;              1991388
                 282;              8653848
                 282;              8659455
                 284;             13682466
                 285;            