                   0;             48515040
                   1;             43537676
                   2;             43475740
                   3;             43513428
                   4;             43522570
                   5;             43479142
                   6;             43483538
                   7;             43466542
                   8;             43433460
                   9;             43468558
                  10;             43499092
                  11;             43472310
                  12;             43468446
                  13;             43530900
                  14;             43533938
                  15;             43612100
                  16;             43653400
                  17;             43525818
                  18;             43515976
                  19;             43474452
                  20;             43422568
                  21;             43474536
                  22;             43557948
                  23;             43534666
                  24;             43466878
                  25;             43478694
                  26;             43478988
                  27;             43548708
                  28;             43567272
                  29;             43505672
                  30;             43484798
                  31;             43471876
                  32;             43600242
                  33;             43932462
                  34;             43461894
                  35;             43622040
                  36;             43424458
                  37;             43469132
                  38;             43451268
                  39;             43471330
                  40;             43494444
                  41;             43463588
                  42;             43486674
                  43;             43449308
                  44;             43443092
                  45;             43510376
                  46;             43532846
                  47;             43384236
                  48;             43493100
                  49;             43508472
                  50;             43459794
                  51;             43592248
                  52;             43973020
                  53;             43752002
                  54;             43557962
                  55;             43461040
                  56;             43448314
                  57;             43489194
                  58;             43457218
                  59;             43465212
                  60;             43570562
                  61;             43478708
                  62;             43439802
                  63;             43809738
                  64;             43425088
                  65;             43439060
                  66;             43455174
                  67;             43402198
                  68;             43511300
                  69;             43537088
                  70;             43539832
                  71;             43555680
                  72;             43863204
                  73;             43549828
                  74;             43504258
                  75;             43465352
                  76;             43492960
                  77;             43414742
                  78;             43459570
                  79;             43476244
                  80;             43482502
                  81;             43496152
                  82;             43823346
                  83;             43480248
                  84;             43448846
                  85;             43503572
                  86;             43823570
                  87;             43533336
                  88;             43829912
                  89;             44136022
                  90;             43469580
                  91;             43673658
                  92;             43458758
                  93;             43449854
                  94;             43490174
                  95;             43455440
                  96;             43416856
                  97;             43621340
                  98;             43487724
                  99;             43402016
                 100;             43557178
                 101;             43440082
                 102;             43485148
                 103;             43525398
                 104;             43468166
                 105;             43470014
                 106;             43472002
                 107;             43399524
                 108;             43910426
                 109;             43687742
                 110;             43577674
                 111;             43480570
                 112;             43414840
                 113;             43532846
                 114;             43438108
                 115;             43444674
                 116;             43553776
                 117;             43470980
                 118;             43423198
                 119;             43529416
                 120;             43457792
                 121;             43434202
                 122;             43566684
                 123;             43392972
                 124;             43467620
                 125;             43611638
                 126;             43453340
                 127;             43903034
                 128;             43590120
                 129;             43492134
                 130;             43572690
                 131;             43387890
                 132;             43486576
                 133;             43430520
                 134;             44087148
                 135;             43457106
                 136;             43434090
                 137;             43406916
                 138;             43436596
                 139;             43426670
                 140;             43393966
                 141;             43442504
                 142;             43447446
                 143;             43454488
                 144;             43451534
                 145;             43463378
                 146;             43799868
                 147;             43457428
                 148;             43415526
                 149;             43397830
                 150;             43400140
                 151;             43407504
                 152;             43370068
                 153;             43404410
                 154;             43411116
                 155;             43412992
                 156;             43449882
                 157;             43424654
                 158;             43443988
                 159;             43396528
                 160;             43548680
                 161;             43460592
                 162;             43445752
                 163;             43427020
                 164;             43487584
                 165;             43884176
                 166;             43495214
                 167;             43450344
                 168;             43447110
                 169;             43471288
                 170;             43442910
                 171;             43408050
                 172;             43803620
                 173;             43475096
                 174;             43422778
                 175;             43506876
                 176;             43418004
                 177;             43447838
                 178;             43385818
                 179;             43485134
                 180;             43512462
                 181;             43476552
                 182;             43435602
                 183;             43451100
                 184;             43485386
                 185;             43470756
                 186;             43403514
                 187;             43468026
                 188;             43448132
                 189;             43404984
                 190;             43487654
                 191;             43439200
                 192;             43451856
                 193;             43444618
                 194;             43486492
                 195;             43378958
                 196;             43482320
                 197;             43557262
                 198;             43389430
                 199;             43465604
                 200;             43474732
                 201;             43421490
                 202;             43449224
                 203;             43446396
                 204;             43414476
                 205;             43448552
                 206;             43445402
                 207;             43426838
                 208;             43457764
                 209;             43496824
                 210;             43379056
                 211;             43474620
                 212;             43429918
                 213;             43390536
                 214;             43435224
                 215;             43420034
                 216;             43375836
                 217;             43433964
                 218;             43462594
                 219;             43406552
                 220;             43438976
                 221;             43783362
                 222;             43401806
                 223;             43451618
                 224;             43452052
                 225;             43371146
                 226;             43803704
                 227;             43415988
                 228;             43430254
                 229;             43405502
                 230;             43399468
                 231;             43357818
                 232;             43402996
                 233;             43457666
                 234;             43416114
                 235;             43412418
                 236;             43377194
                 237;             43937614
                 238;             43336034
                 239;             43472296
                 240;             43438206
                 241;             43386644
                 242;             43399972
                 243;             43449952
                 244;             43383228
                 245;             43419362
                 246;             43487500
                 247;             43430730
                 248;             43374870
                 249;             43402254
                 250;             43501052
                 251;             43377236
                 252;             43477350
                 253;             43416296
                 254;             43384796
                 255;             43445248
                 256;             43442784
                 257;             43446088
                 258;             43387260
                 259;             43471820
                 260;             43420174
                 261;             43366904
                 262;             43470322
                 263;             43452682
                 264;             43361598
                 265;             43415204
                 266;             43411466
                 267;             43415470
                 268;             43359848
                 269;             43779820
                 270;             43383410
                 271;             43366246
                 272;             43504356
                 273;             43425242
                 274;             43354878
                 275;             43428798
                 276;             43417514
                 277;             43415260
                 278;             43373218
                 279;             43429148
                 280;             43390788
                 281;             43411382
                 282;             43381128
                 283;             43385258
                 284;             43383312
                 285;             43352708
                 286;             43457526
                 287;             43388982
                 288;             43446816
                 289;             43369592
                 290;             43399664
                 291;             43344994
                 292;             43395184
                 293;             43433964
                 294;             43386756
                 295;             43345078
                 296;             43378888
                 297;             43364314
                 298;             43352596
                 299;             43403388
                 300;             43419166
                 301;             43779372
                 302;             43373960
                 303;             43401974
                 304;             43360884
                 305;             43404956
                 306;             45992408
                 307;             43545236
                 308;             44696260
                 309;             43388548
                 310;             43622306
                 311;             43419026
                 312;             43896440
                 313;             43415610
                 314;             43568560
                 315;             43355354
                 316;             43469552
                 317;             43446410
                 318;             43437702
                 319;             43411928
                 320;             43444464
                 321;             43455804
                 322;             43892450
                 323;             43451044
                 324;             43465996
                 325;             43504832
                 326;             43425004
                 327;             43421098
                 328;             43367254
                 329;             43486926
                 330;             43432578
                 331;             43398012
                 332;             43399020
                 333;             43430016
                 334;             43457820
                 335;             43428910
                 336;             43410094
                 337;             43480948
                 338;             43391110
                 339;             43421084
                 340;             43395842
                 341;             43395632
                 342;             43352302
                 343;             43411830
                 344;             43370166
                 345;             43364398
                 346;             43376382
                 347;             43479702
                 348;             43430786
                 349;             43353156
                 350;             43644202
                 351;             43362886
                 352;             43444324
                 353;             43380848
                 354;             43467354
                 355;             43342180
                 356;             43361038
                 357;             43333962
                 358;             43402058
                 359;             43714986
