                   0;              9755872
                   0;              9741242
                   0;              9828406
                   0;             10332490
                   4;             16081842
                   5;             28559594
                   5;             28632016
                   7;             28665644
                   5;             28560574
                   9;             28812182
                   7;             28688156
                  11;             28879368
                  11;             28896812
                   9;             28829780
                   9;             28842450
                  14;             28974974
                   8;             28764540
                  13;             28944594
                  13;             28952364
                  14;             28993720
                  15;             29028160
                  17;             29097600
                  21;             29271998
                   8;             28749840
                  21;             29272082
                  25;             29590820
                  26;             29697080
                  27;             32783660
                  27;             32782736
                  29;              2697100
                  30;              2744252
                  31;              2936262
                  32;                21420
                  33;                15232
                  34;                26740
                  35;                34104
                  36;             13936062
                  37;             12510582
                  38;             12899068
                  38;             12937442
                  38;             12900832
                  40;             13018572
                  41;             13123194
                  42;             13152258
                  44;             13196792
                  45;             13280890
                  45;             13312572
                  46;             13325634
                  45;             13287372
                  48;             13408808
                  47;             13352892
                  51;             13616386
                  48;             13425874
                  53;             13683194
                  49;             13467230
                  49;             13472438
                  45;             13280694
                  57;             14245602
                  58;             14302624
                  59;             19951540
                  60;             20494516
                  61;             20553876
                  62;             20815592
                  62;             20814850
                  64;             24518088
                  65;             24573976
                  66;             24628968
                  67;             24742130
                  68;             12359060
                  69;             20081138
                  69;             20118084
                  70;             20144502
                  72;             20418986
                  73;             25601926
                  74;             25911256
                  75;             26001192
                  76;             26083456
                  76;             26108712
                  78;             26164082
                  79;             26216330
                  79;             26238618
                  81;             26343674
                  79;             26220208
                  83;             26422172
                  84;             26462058
                  85;             26522552
                  86;             26616548
                  87;             26638584
                  88;             26669664
                  89;             26777016
                  90;             27049106
                  91;             27100752
                  91;             27107220
                  93;             27724606
                  93;             27732180
                  95;             32538198
                  96;             33803000
                  96;             33807886
                  98;             37497978
                  98;             37507694
                 100;              3283700
                 100;              3311924
                 102;              3406718
                 103;              3736012
                 104;              7939652
                 105;              1085238
                 106;              1293460
                 106;              1306578
                 107;              1466430
                 109;              1533350
                 107;              1437800
                 110;              1598618
                 112;              1757392
                 111;              1690052
                 113;              1824620
                 111;              1700188
                 116;              1919358
                 116;              1926638
                 118;              1970486
                 119;              2150022
                 120;              2203572
                 121;              2304736
                 122;              2466562
                 123;              2541476
                 124;              2718758
                 125;              3790766
                 126;              3846080
                 127;              7408576
                 128;              9555784
                 128;              9557884
                 130;                66724
                 131;               219212
                 132;              8051176
                 133;              8101898
                 134;              8241926
                 135;              8546300
                 136;              4673382
                 137;             18935994
                 137;             18953340
                 138;             19083092
                 139;             19204570
                 140;             19284132
                 141;             19314820
                 143;             19464410
                 144;             19546114
                 144;             19568136
                 146;             19603920
                 146;             19607826
                 147;             19713386
                 147;             19699750
                 149;             19790806
                 149;             19855738
                 152;             20191948
                 153;             20302898
                 154;             20360452
                 155;             20389628
                 156;             20453482
                 157;             21486458
                 158;             21596134
                 159;             24315074
                 160;             24386222
                 161;             24559528
                 162;             24798844
                 162;             24803128
                 164;             27521676
                 165;             27577844
                 166;              3793524
                 166;              3798536
                 168;               975870
                 169;              3479280
                 170;              3530030
                 171;              3722460
                 172;              4241244
                 173;             15572970
                 174;             15717660
                 175;             15880480
                 175;             15904280
                 175;             15895586
                 178;             16056908
                 179;             16109296
                 180;             16162104
                 181;             16198574
                 181;             16215500
                 183;             16416316
                 184;             16529940
                 185;             16632952
                 186;             16688280
                 187;             16838738
                 188;             16872450
                 189;             16945166
                 190;             17060470
                 191;             17312988
                 191;             17314136
                 193;             18367958
                 194;             18454310
                 195;             21095396
                 196;             24308550
                 196;             24345244
                 198;              8011640
                 199;              8079652
                 200;              2176062
                 201;                54348
                 202;               253932
                 203;               880096
                 204;             10952760
                 205;              7190526
                 206;              7355600
                 207;              7657832
                 207;              7663264
                 209;              7750358
                 210;              7873418
                 210;              7881076
                 211;              7925596
                 213;              8018752
                 210;              7891184
                 211;              7930846
                 216;              8516410
                 216;              8546244
                 218;              8631350
                 219;              8709372
                 218;              8635396
                 221;              8867992
                 222;              8902152
                 223;              9039884
                 224;              9205700
                 225;             10283504
                 226;             10397310
                 227;             12489162
                 228;             16093784
                 228;             16088898
                 230;              2987922
                 231;              3066266
                 232;              3258374
                 233;              3895332
                 234;             11897550
                 235;             11948986
                 236;              9187150
                 237;              7409892
                 238;              7453684
                 239;              7590086
                 240;              8059702
                 241;              8385496
                 241;              8383984
                 243;              8450974
                 244;              8543388
                 245;              8574524
                 246;              8663774
                 247;              8728762
                 248;              8850142
                 249;              9013200
                 249;              9054556
                 249;              9058994
                 252;              9464546
                 253;              9539488
                 254;              9689456
                 255;              9768808
                 256;              9895074
                 257;             10134964
                 258;             10335500
                 259;             10366132
                 259;             10366300
                 261;             11245766
                 262;             11345614
                 263;             12943504
                 264;             17150294
                 264;             17193344
                 266;              7798266
                 266;              7798448
                 268;              7450002
                 269;              7501648
                 270;              7658098
                 271;              9832186
                 272;              7547680
                 273;              7743932
                 274;              8122408
                 275;              8173200
                 276;              8206828
                 276;              8233456
                 277;              8262002
                 279;              8431528
                 280;              8743630
                 281;              9069298
                 281;              9072028
                 281;              9071356
                 284;              9347618
                 285;              9509836
                 286;              9538424
                 287;              9705290
                 288;              9857274
                 289;              9903488
                 290;             10266172
                 291;             10324258
                 292;             11209786
                 293;             11269202
                 294;             12071304
                 295;             16914226
                 295;             16919910
                 297;              3691926
                 298;              5257448
                 299;              6920606
                 300;             14490490
                 301;             14578508
                 302;             15972026
                 303;             16034130
                 304;             16489228
                 305;             16640540
                 306;             22565480
                 307;             23669772
                 308;             23795562
                 308;             23819208
                 310;             23926980
                 310;             23937634
                 310;             23937844
                 313;             24245004
                 314;             24678486
                 315;             24947076
                 316;             25017902
                 317;             25455360
                 318;             25514972
                 319;             25607526
                 320;             25645816
                 321;             25881310
                 322;             26074314
                 322;             26077618
                 324;             27336582
                 325;             32898096
                 326;             33017110
                 327;              4824330
                 327;              4860786
                 329;                 8946
                 330;                50610
                 331;               531566
                 332;               612164
                 333;              6786822
                 334;              8409030
                 335;             12267962
                 336;             25185972
                 337;             25521734
                 337;             25545366
                 339;             25626650
                 337;             25533718
                 340;             25668846
                 342;             25874730
                 343;             26339572
                 344;             26621630
                 345;             26828606
                 346;             27453916
                 346;             27456772
                 348;             27622952
                 348;             27629910
                 350;             27960282
                 351;             28029106
                 352;             28439894
                 353;             34789734
                 354;             34895910
                 355;              9859024
                 356;             22234996
                 357;             22590792
                 358;             24372586
                 359;             24782632
