                   0;            156640120
                   1;            150479798
                   2;            150446646
                   3;            150511788
                   4;            150409000
                   5;            150458392
                   6;            150505782
                   7;            150435166
                   8;            150336326
                   9;            150392452
                  10;            150285786
                  11;            150539634
                  12;            150410540
                  13;            150785684
                  14;            150408888
                  15;            150381420
                  16;            151048156
                  17;            150762878
                  18;            150343046
                  19;            150619924
                  20;            150332658
                  21;            151110806
                  22;            150332014
                  23;            150383044
                  24;            150502212
                  25;            150418912
                  26;            150291106
                  27;            150612826
                  28;            150547572
                  29;            151035318
                  30;            150586310
                  31;            150586310
                  32;            150520216
                  33;            150560914
                  34;            150673852
                  35;            150573948
                  36;            150598980
                  37;            150627218
                  38;            150457944
                  39;            150414516
                  40;            150303118
                  41;            150382190
                  42;            150588746
                  43;            150373510
                  44;            150707774
                  45;            150336074
                  46;            150273592
                  47;            150662330
                  48;            150224410
                  49;            150317356
                  50;            150654588
                  51;            150315858
                  52;            150965892
                  53;            150632580
                  54;            150332378
                  55;            154920654
                  56;            153749148
                  57;            153042974
                  58;            152794264
                  59;            153094900
                  60;            151039784
                  61;            150680572
                  62;            150437798
                  63;            150460394
                  64;            150380272
                  65;            150997112
                  66;            150513258
                  67;            150455494
                  68;            150363682
                  69;            150434298
                  70;            150526292
                  71;            150197264
                  72;            150174066
                  73;            150775898
                  74;            150407698
                  75;            150572660
                  76;            150163048
                  77;            150384808
                  78;            150476130
                  79;            150504564
                  80;            150252144
                  81;            150787280
                  82;            150254958
                  83;            150878196
                  84;            150140270
                  85;            150141544
                  86;            150077928
                  87;            150064670
                  88;            150623214
                  89;            150166786
                  90;            150371522
                  91;            150794420
                  92;            150512712
                  93;            150331314
                  94;            150723706
                  95;            150309670
                  96;            150716048
                  97;            150434788
                  98;            150324104
                  99;            150743418
                 100;            150278674
                 101;            150120726
                 102;            150125654
                 103;            150094980
                 104;            150490424
                 105;            150184552
                 106;            150049228
                 107;            150076808
                 108;            150213952
                 109;            151074252
                 110;            150098158
                 111;            150088302
                 112;            150317090
                 113;            150192266
                 114;            151228854
                 115;            150066630
                 116;            150113404
                 117;            150390142
                 118;            150100734
                 119;            150250254
                 120;            150308312
                 121;            150319204
                 122;            150775464
                 123;            150458812
                 124;            150292576
                 125;            150928218
                 126;            150246390
                 127;            150513832
                 128;            150388434
                 129;            150223444
                 130;            150697834
                 131;            150505866
                 132;            152400500
                 133;            151875066
                 134;            153284796
                 135;            152752516
                 136;            154489706
                 137;            151347392
                 138;            150461584
                 139;            150136266
                 140;            149993634
                 141;            149986844
                 142;            150194996
                 143;            150152394
                 144;            149999864
                 145;            150362352
                 146;            150230094
                 147;            150025540
                 148;            150023468
                 149;            150064446
                 150;            150708922
                 151;            150807972
                 152;            150267208
                 153;            150697722
                 154;            150426640
                 155;            150223248
                 156;            150268888
                 157;            150219552
                 158;            150983280
                 159;            150388056
                 160;            150251710
                 161;            150638348
                 162;            150156944
                 163;            149979340
                 164;            149960062
                 165;            149952810
                 166;            150975552
                 167;            150233482
                 168;            150039330
                 169;            150414264
                 170;            150270260
                 171;            150311042
                 172;            150020794
                 173;            150142398
                 174;            150132640
                 175;            149950248
                 176;            150352748
                 177;            150799978
                 178;            150001432
                 179;            150137400
                 180;            149963744
                 181;            150414502
                 182;            150184636
                 183;            150230346
                 184;            150269574
                 185;            150830330
                 186;            150219804
                 187;            150335430
                 188;            150228526
                 189;            150602984
                 190;            150480792
                 191;            151176746
                 192;            150660524
                 193;            150188094
                 194;            150334996
                 195;            150014662
                 196;            150012114
                 197;            150683456
                 198;            150318910
                 199;            150088274
                 200;            150369072
                 201;            150080490
                 202;            150264604
                 203;            150044090
                 204;            150202654
                 205;            150189662
                 206;            150030132
                 207;            150368288
                 208;            150908618
                 209;            150082968
                 210;            154634774
                 211;            151040638
                 212;            152803084
                 213;            152938128
                 214;            151763710
                 215;            150361176
                 216;            150834138
                 217;            150352454
                 218;            150299940
                 219;            150416896
                 220;            150683722
                 221;            150776542
                 222;            150181500
                 223;            150585190
                 224;            150279948
                 225;            150154074
                 226;            150092530
                 227;            150140606
                 228;            150749970
                 229;            150485286
                 230;            150214610
                 231;            150669806
                 232;            150267306
                 233;            150659222
                 234;            150927560
                 235;            150730384
                 236;            150670170
                 237;            150338118
                 238;            150612406
                 239;            150950702
                 240;            150856902
                 241;            163843778
                 242;            155693048
                 243;            150358866
                 244;            150533068
                 245;            150503192
                 246;            150552150
                 247;            151024902
                 248;            150591756
                 249;            150593618
                 250;            150831786
                 251;            150840494
                 252;            150613176
                 253;            150565086
                 254;            150573710
                 255;            150996720
                 256;            150632384
                 257;            150510304
                 258;            150535056
                 259;            150502646
                 260;            150535630
                 261;            150477908
                 262;            150959242
                 263;            150476088
                 264;            150622388
                 265;            150480036
                 266;            150552066
                 267;            150490326
                 268;            152695270
                 269;            150835776
                 270;            150994214
                 271;            150591406
                 272;            150752490
                 273;            150545472
                 274;            150544408
                 275;            150599106
                 276;            150488814
                 277;            150464062
                 278;            150965416
                 279;            150549448
                 280;            150455816
                 281;            150502534
                 282;            150726786
                 283;            150533320
                 284;            150790094
                 285;            150393838
                 286;            150717616
                 287;            150799012
                 288;            150588872
                 289;            150603712
                 290;            150463656
                 291;            150537660
                 292;            150323166
                 293;            150261972
                 294;            150675014
                 295;            150285926
                 296;            150273578
                 297;            150714732
                 298;            150235904
                 299;            150228792
                 300;            150496850
                 301;            150718288
                 302;            150193498
                 303;            150342290
                 304;            150212020
                 305;            150455676
                 306;            150459162
                 307;            150459638
                 308;            150415426
                 309;            150877846
                 310;            150535182
                 311;            150776024
                 312;            150426430
                 313;            150843140
                 314;            150416826
                 315;            150379418
                 316;            150369954
                 317;            150730146
                 318;            150333820
                 319;            150162642
                 320;            150170048
                 321;            150357214
                 322;            150265976
                 323;            150269238
                 324;            150179848
                 325;            150967488
                 326;            150299380
                 327;            150257772
                 328;            150690736
                 329;            150249470
                 330;            150178980
                 331;            150537450
                 332;            150586142
                 333;            150765202
                 334;            150243002
                 335;            150236450
                 336;            150399004
                 337;            150606064
                 338;            150469732
                 339;            150558058
                 340;            150553746
                 341;            150729208
                 342;            150947524
                 343;            150540964
                 344;            150925544
                 345;            150706430
                 346;            150528532
                 347;            150576146
                 348;            150880604
                 349;            150836336
                 350;            150331286
                 351;            150459512
                 352;            150788876
                 353;            150748612
                 354;            150398108
                 355;            150448690
                 356;            151067336
                 357;            150415076
                 358;            150328458
                 359;            150784788
