                   0;             48595222
                   1;             42830365
                   2;             39704767
                   3;             52511315
                   4;             40758337
                   5;             43615915
                   6;             44112607
                   7;             36628284
                   8;             33231569
                   9;             34410794
                  10;             54757647
                  11;             37474290
                  12;             49339833
                  13;             35572026
                  14;             51207975
                  15;             45095365
                  16;             45807358
                  17;             47409611
                  18;             80316569
                  19;             49398468
                  20;             35111783
                  21;             35275653
                  22;             34007085
                  23;             52694254
                  24;             58409831
                  25;             35325297
                  26;             36489339
                  27;             46851264
                  28;             52015919
                  29;             65198488
                  30;             39131064
                  31;             39661986
                  32;             37094257
                  33;             55223102
                  34;             51220043
                  35;             34760103
                  36;             58613436
                  37;             85227586
                  38;             61983884
                  39;             47118446
                  40;             34336369
                  41;             43094314
                  42;             83073669
                  43;             53142516
                  44;             44748501
                  45;             36695862
                  46;             42952942
                  47;             76813222
                  48;             55013973
                  49;             35998377
                  50;             38034192
                  51;             52499531
                  52;             95396798
                  53;             52263215
                  54;             41554788
                  55;             40682481
                  56;             37551087
                  57;             41769147
                  58;             35899647
                  59;             34255536
                  60;             76361082
                  61;             54939864
                  62;             59703546
                  63;             57520593
                  64;             50302518
                  65;             20740856
                  66;             21504143
                  67;             19164504
                  68;             19063716
                  69;             21608622
                  70;             26797799
                  71;             39370632
                  72;             50848324
                  73;             40175142
                  74;             72723609
                  75;             48938656
                  76;             43396463
                  77;             33503442
                  78;             52349381
                  79;             59830006
                  80;             34225238
                  81;             43556499
                  82;             59474474
                  83;             52915779
                  84;             45292590
                  85;             64628159
                  86;             38562657
                  87;             42486367
                  88;             42536466
                  89;             79347635
                  90;             53540445
                  91;             34274398
                  92;             36875206
                  93;             41033375
                  94;             61160442
                  95;             37018067
                  96;             35123004
                  97;             47372493
                  98;             81042434
                  99;             64901378
                 100;             36973955
                 101;             41269552
                 102;             76504586
                 103;             85391540
                 104;             36275946
                 105;             41261661
                 106;             49050956
                 107;             55244763
                 108;             45569426
                 109;             47016673
                 110;             39772140
                 111;             90953093
                 112;             50579298
                 113;             37542041
                 114;             69820424
                 115;             42337858
                 116;             58779532
                 117;             45440479
                 118;             34646976
                 119;             50050401
                 120;             49576653
                 121;             61195813
                 122;             47142533
                 123;             40709198
                 124;             86066467
                 125;             58979067
                 126;             36404088
                 127;             43994790
                 128;             42490875
                 129;             51746552
                 130;             49415965
                 131;             46434521
                 132;             47542660
                 133;             91330302
                 134;             52805819
                 135;             42628500
                 136;             34725698
                 137;             35375323
                 138;             60304986
                 139;             44301075
                 140;             35567515
                 141;             34450357
                 142;             51194779
                 143;             35848970
                 144;             41287012
                 145;             37615725
                 146;             55468277
                 147;             44333394
                 148;             35744730
                 149;             49692055
                 150;             35233569
                 151;             35798063
                 152;             53870115
                 153;             38681209
                 154;             86647477
                 155;             35883235
                 156;             38039589
                 157;             36906212
                 158;             55663265
                 159;             40685792
                 160;             50741579
                 161;             71036143
                 162;             70714403
                 163;             47444071
                 164;             34213445
                 165;             42723292
                 166;             35366303
                 167;             39692425
                 168;             84557354
                 169;             50316168
                 170;             36590589
                 171;             48035578
                 172;             56025620
                 173;             44001772
                 174;             43422508
                 175;             77204032
                 176;             68223775
                 177;             59471635
                 178;             41449322
                 179;             62905094
                 180;             45138629
                 181;             48514499
                 182;             37716179
                 183;             33135408
                 184;             50572671
                 185;             51812798
                 186;             48695108
                 187;             35146902
                 188;             70943355
                 189;             46352481
                 190;             36593986
                 191;             56882003
                 192;             49045999
                 193;             39727366
                 194;             75909614
                 195;             48523811
                 196;             52464531
                 197;             38336814
                 198;             82973936
                 199;             55147495
                 200;             32585196
                 201;             36362860
                 202;             74089988
                 203;             63873757
                 204;             55493499
                 205;             47555042
                 206;             59016090
                 207;             57736539
                 208;             38094184
                 209;             35242725
                 210;             81189224
                 211;             53403665
                 212;             39542654
                 213;             34294516
                 214;             54334728
                 215;             50559554
                 216;             34125152
                 217;             74103183
                 218;             61065043
                 219;             44123394
                 220;             41911492
                 221;             51184758
                 222;             45785183
                 223;             40912464
                 224;             77097136
                 225;             56654040
                 226;             56058513
                 227;             45773796
                 228;             53204214
                 229;             50934639
                 230;             33259632
                 231;             44392908
                 232;             77264481
                 233;             50394267
                 234;             37897045
                 235;             43347917
                 236;             35561757
                 237;             50255793
                 238;             55097788
                 239;             45060803
                 240;             34581162
                 241;             55086237
                 242;             53591433
                 243;             37199220
                 244;             52478920
                 245;             54917642
                 246;             45380496
                 247;             41704656
                 248;             74449693
                 249;             56842301
                 250;             36012317
                 251;             34663349
                 252;             54422583
                 253;             37643461
                 254;             35872746
                 255;             77359768
                 256;             59078348
                 257;             49104307
                 258;             35347359
                 259;             49532079
                 260;             35798775
                 261;             38383947
                 262;             50096562
                 263;             48587417
                 264;             43540140
                 265;             36542205
                 266;             93047895
                 267;             72313640
                 268;             49542682
                 269;             37813629
                 270;             50966878
                 271;             38676844
                 272;             32426688
                 273;             97024130
                 274;             55945353
                 275;             40879975
                 276;             42472080
                 277;             44868621
                 278;             52203480
                 279;             54636908
                 280;             52926863
                 281;             84354736
                 282;             58788471
                 283;             35718008
                 284;             49682612
                 285;             69189628
                 286;             49307554
                 287;             40603973
                 288;             60566005
                 289;             41159496
                 290;             38441081
                 291;             82824970
                 292;             56119527
                 293;             34151544
                 294;             38625853
                 295;             59420655
                 296;             35361599
                 297;             40302414
                 298;             56890683
                 299;             51857589
                 300;             42830655
                 301;             38804152
                 302;             56233665
                 303;             40996448
                 304;             58290533
                 305;             68777953
                 306;             43660197
                 307;             36782672
                 308;             51764929
                 309;             36354666
                 310;             41853160
                 311;             38392130
                 312;             37031564
                 313;             38107041
                 314;             54287071
                 315;             39711933
                 316;             47475598
                 317;             81669210
                 318;             68064259
                 319;             35397180
                 320;             37927673
                 321;             66168694
                 322;             41018329
                 323;             44215479
                 324;             58666125
                 325;             43190007
                 326;             40187711
                 327;             55403372
                 328;             49651445
                 329;             34326185
                 330;             35082252
                 331;             50794229
                 332;             39475543
                 333;             37225349
                 334;             37528344
                 335;             58857053
                 336;             38737858
                 337;             35327679
                 338;             56088068
                 339;             53324490
                 340;             42987681
                 341;             59325746
                 342;             59470292
                 343;             68027295
                 344;             53370555
                 345;             46622494
                 346;             67755188
                 347;             62657402
                 348;             59730059
                 349;             40597452
                 350;             66788566
                 351;             64542790
                 352;             52791207
                 353;             49610570
                 354;             52987153
                 355;             57162898
                 356;             46530885
                 357;             71654457
                 358;             52788932
                 359;             96149059
