                   0;             49596932
                   1;             43490314
                   2;             43515682
                   3;             43419978
                   4;             43481858
                   5;             43477798
                   6;             43503040
                   7;             43474172
                   8;             43511034
                   9;             43486912
                  10;             43525692
                  11;             43420006
                  12;             43540756
                  13;             43475908
                  14;             43518062
                  15;             43432018
                  16;             43489124
                  17;             43512378
                  18;             43473402
                  19;             43605282
                  20;             43422106
                  21;             43459976
                  22;             43469664
                  23;             43497790
                  24;             43482418
                  25;             43513302
                  26;             43433096
                  27;             43509214
                  28;             43422204
                  29;             43516326
                  30;             43461712
                  31;             43560272
                  32;             43469286
                  33;             43860698
                  34;             43805300
                  35;             43496712
                  36;             43518202
                  37;             43471414
                  38;             43558074
                  39;             43488270
                  40;             43505616
                  41;             43452192
                  42;             43528268
                  43;             43479282
                  44;             43480472
                  45;             43465814
                  46;             43480766
                  47;             43485330
                  48;             43485218
                  49;             43451086
                  50;             43497888
                  51;             43453620
                  52;             43829772
                  53;             43466304
                  54;             43516228
                  55;             43519854
                  56;             43527344
                  57;             43513484
                  58;             43467270
                  59;             43445710
                  60;             43508150
                  61;             43425326
                  62;             43464610
                  63;             43495284
                  64;             43490944
                  65;             43478036
                  66;             43438962
                  67;             43454768
                  68;             43495746
                  69;             43495438
                  70;             43498406
                  71;             43478442
                  72;             43505910
                  73;             43492904
                  74;             43539496
                  75;             43477784
                  76;             43430660
                  77;             43487808
                  78;             43469048
                  79;             43529458
                  80;             43470098
                  81;             43459808
                  82;             43477070
                  83;             43500898
                  84;             43485890
                  85;             43502340
                  86;             43508094
                  87;             43494136
                  88;             43815366
                  89;             43440306
                  90;             43461250
                  91;             43490804
                  92;             43495704
                  93;             43484210
                  94;             43566138
                  95;             43473038
                  96;             43498098
                  97;             43465520
                  98;             43554882
                  99;             43450428
                 100;             43433390
                 101;             43430044
                 102;             43452752
                 103;             43749202
                 104;             43466850
                 105;             43436932
                 106;             43380834
                 107;             43523284
                 108;             43897000
                 109;             43461698
                 110;             43466374
                 111;             43446032
                 112;             43479940
                 113;             43504272
                 114;             43435518
                 115;             43525020
                 116;             43483426
                 117;             43511944
                 118;             43479562
                 119;             43514226
                 120;             43420440
                 121;             43472184
                 122;             43517698
                 123;             44263408
                 124;             43488536
                 125;             43428896
                 126;             43498294
                 127;             43950298
                 128;             43483496
                 129;             43477616
                 130;             43498798
                 131;             43576806
                 132;             43489964
                 133;             43463672
                 134;             43514478
                 135;             43477490
                 136;             43480318
                 137;             43455958
                 138;             43450344
                 139;             43453396
                 140;             43443050
                 141;             43498168
                 142;             43421168
                 143;             43469538
                 144;             43422344
                 145;             43441356
                 146;             43907094
                 147;             43487122
                 148;             43443694
                 149;             43420356
                 150;             43498182
                 151;             43463714
                 152;             43378216
                 153;             43419278
                 154;             43419012
                 155;             43362438
                 156;             43419180
                 157;             43431304
                 158;             43440250
                 159;             43417556
                 160;             43470602
                 161;             43401526
                 162;             43447572
                 163;             43419124
                 164;             43447670
                 165;             43872444
                 166;             43482992
                 167;             43436526
                 168;             43379378
                 169;             43540868
                 170;             43476272
                 171;             43382458
                 172;             43445486
                 173;             43509914
                 174;             43386490
                 175;             43507926
                 176;             43425746
                 177;             43462958
                 178;             43419922
                 179;             43461614
                 180;             43453816
                 181;             43413370
                 182;             43422442
                 183;             43471848
                 184;             43812146
                 185;             43465772
                 186;             43430324
                 187;             43368248
                 188;             43465394
                 189;             43463574
                 190;             43431528
                 191;             43426670
                 192;             43487598
                 193;             43448272
                 194;             43534246
                 195;             43465380
                 196;             43482348
                 197;             43788752
                 198;             43445374
                 199;             43482376
                 200;             43402520
                 201;             43435784
                 202;             43438206
                 203;             43832292
                 204;             43491924
                 205;             43463056
                 206;             43502214
                 207;             43480150
                 208;             43432788
                 209;             43425606
                 210;             43451072
                 211;             43470154
                 212;             43415148
                 213;             43518818
                 214;             43443302
                 215;             43436890
                 216;             43431808
                 217;             43416688
                 218;             43467900
                 219;             43386434
                 220;             43488242
                 221;             43414182
                 222;             43836940
                 223;             43508164
                 224;             43435168
                 225;             43368822
                 226;             43458058
                 227;             43403458
                 228;             43480514
                 229;             43369256
                 230;             43429778
                 231;             43386952
                 232;             43367940
                 233;             43398824
                 234;             43362410
                 235;             43382416
                 236;             43353366
                 237;             43399580
                 238;             43746150
                 239;             43442224
                 240;             43739556
                 241;             43854846
                 242;             43461376
                 243;             43431906
                 244;             43497986
                 245;             43442812
                 246;             43375178
                 247;             43424248
                 248;             43407000
                 249;             43387526
                 250;             43722434
                 251;             43373946
                 252;             43417878
                 253;             43342068
                 254;             43430758
                 255;             43383368
                 256;             43414378
                 257;             43337686
                 258;             43428560
                 259;             43381828
                 260;             43432760
                 261;             43448580
                 262;             43424990
                 263;             43493170
                 264;             43398530
                 265;             43392846
                 266;             43452402
                 267;             43437100
                 268;             43410276
                 269;             43430828
                 270;             43405222
                 271;             43453690
                 272;             43412754
                 273;             43475250
                 274;             43383270
                 275;             43451702
                 276;             43444856
                 277;             43440908
                 278;             43375192
                 279;             43577968
                 280;             43462216
                 281;             43421028
                 282;             43433138
                 283;             43417486
                 284;             43401302
                 285;             43431864
                 286;             43424570
                 287;             43415176
                 288;             43397648
                 289;             43412558
                 290;             43466934
                 291;             43729126
                 292;             43430576
                 293;             43392706
                 294;             43453578
                 295;             43469230
                 296;             43471638
                 297;             43444968
                 298;             43432382
                 299;             43447712
                 300;             43487472
                 301;             43484826
                 302;             43461782
                 303;             43494094
                 304;             43440516
                 305;             43565480
                 306;             43495606
                 307;             43523088
                 308;             43482614
                 309;             43450666
                 310;             43540644
                 311;             43512056
                 312;             43485848
                 313;             43830150
                 314;             43524908
                 315;             43477560
                 316;             43426236
                 317;             43830626
                 318;             43459080
                 319;             43639106
                 320;             43503432
                 321;             43473668
                 322;             43516242
                 323;             43413552
                 324;             43545796
                 325;             43817368
                 326;             43407784
                 327;             43475082
                 328;             43450680
                 329;             43472786
                 330;             43467228
                 331;             43475964
                 332;             43442490
                 333;             43475586
                 334;             43420384
                 335;             43909726
                 336;             43499848
                 337;             43430212
                 338;             43555512
                 339;             43481522
                 340;             43472800
                 341;             43458898
                 342;             43494570
                 343;             43502900
                 344;             43462020
                 345;             43430436
                 346;             43505490
                 347;             43464134
                 348;             43834980
                 349;             43479674
                 350;             43478036
                 351;             43448258
                 352;             43825992
                 353;             43419712
                 354;             44024414
                 355;             43442448
                 356;             43511580
                 357;             43486002
                 358;             43450540
                 359;             43466220
