                   0;            290416418
                   1;            291614351
                   2;            295545533
                   3;            298915365
                   4;            307642027
                   5;            313196289
                   6;            327428318
                   7;            339112368
                   8;            188897063
                   9;            208094805
                  10;            215977818
                  11;            219939821
                  12;            235696426
                  13;            236708162
                  14;            237746834
                  15;              8131366
                  16;            143325250
                  17;            177541835
                  18;               705542
                  19;              3265680
                  20;              9575942
                  21;             16039245
                  22;             36744162
                  23;             13038457
                  24;            128839604
                  25;            175335935
                  26;             17626070
                  27;             35239449
                  28;             11379467
                  29;             15892987
                  30;             20491518
                  31;             24590030
                  32;            124550867
                  33;            152495709
                  34;              6476857
                  35;             24265276
                  36;             34676922
                  37;              8370251
                  38;             25380584
                  39;             27159634
                  40;            104771235
                  41;            124004568
                  42;             12241500
                  43;             22210427
                  44;             27678495
                  45;             27787163
                  46;             32691611
                  47;             53904971
                  48;             69710785
                  49;             70437595
                  50;               503757
                  51;              5016828
                  52;             38844023
                  53;             46521161
                  54;             60819053
                  55;             60978447
                  56;             40353306
                  57;             48842360
                  58;             21369600
                  59;             10625272
                  60;             54760636
                  61;             65665266
                  62;             67019337
                  63;              6128861
                  64;             35984092
                  65;             82593963
                  66;             29321775
                  67;             14752339
                  68;             69052653
                  69;             73458969
                  70;             80181174
                  71;              3118678
                  72;             22882045
                  73;             82254337
                  74;              8805599
                  75;             31565329
                  76;             66355565
                  77;              9558314
                  78;             10845908
                  79;             12505990
                  80;             21054756
                  81;             55751141
                  82;              3489176
                  83;             45139584
                  84;             59383976
                  85;             96967235
                  86;              3906091
                  87;              7277525
                  88;              3893036
                  89;             55175526
                  90;              4226343
                  91;             38491096
                  92;              3453924
                  93;             35769151
                  94;             46891685
                  95;             74131625
                  96;            136431683
                  97;              5401457
                  98;             14721096
                  99;             32119710
                 100;            109004847
                 101;            161108265
                 102;            163965550
                 103;            171472282
                 104;            173315313
                 105;            176663942
                 106;             27844250
                 107;             13906162
                 108;            108756837
                 109;             12246784
                 110;             27999897
                 111;            100202356
                 112;              2048368
                 113;             12959303
                 114;             20526210
                 115;             27931841
                 116;             70574868
                 117;            142102646
                 118;             15863509
                 119;             16624573
                 120;             23988723
                 121;             30945175
                 122;             51187629
                 123;             62071366
                 124;             46370088
                 125;             98016202
                 126;             24776813
                 127;             15661061
                 128;             41945240
                 129;             47240212
                 130;             50584065
                 131;             76520295
                 132;             41325459
                 133;             17054760
                 134;             27388335
                 135;             32561781
                 136;             68918160
                 137;             87736428
                 138;              4660604
                 139;             11211111
                 140;             20421140
                 141;             68031945
                 142;             23579623
                 143;             37741123
                 144;             79015758
                 145;             93029041
                 146;             95305899
                 147;            101391318
                 148;              4139844
                 149;             29411655
                 150;             31673031
                 151;             72128007
                 152;             77415343
                 153;            105021607
                 154;            106825433
                 155;            122606534
                 156;              9256981
                 157;             36383347
                 158;             36501710
                 159;            141268764
                 160;            187067223
                 161;            209516366
                 162;            210181650
                 163;            226970315
                 164;             13228076
                 165;              5684137
                 166;             12612369
                 167;            135599723
                 168;            164131975
                 169;              3269535
                 170;              3994795
                 171;             17108945
                 172;              2010716
                 173;               510141
                 174;             12149253
                 175;             96601361
                 176;            140240906
                 177;             17541606
                 178;             46468373
                 179;             25391121
                 180;             31804983
                 181;              5542828
                 182;             12298932
                 183;            170001456
                 184;             51583838
                 185;             72793778
                 186;             99244682
                 187;            105871244
                 188;             52544639
                 189;             11911380
                 190;             27000741
                 191;             21718718
                 192;             71599547
                 193;            139279350
                 194;            154135763
                 195;              1476774
                 196;             20759310
                 197;             44903462
                 198;             52124973
                 199;             93519132
                 200;             96790990
                 201;            154960878
                 202;            170180530
                 203;            178478120
                 204;             33091237
                 205;             58230312
                 206;             60389658
                 207;             70532562
                 208;             61713423
                 209;             89224868
                 210;            114311295
                 211;              8015330
                 212;             23179737
                 213;             50650246
                 214;             54027974
                 215;             57618421
                 216;             69342497
                 217;             97835486
                 218;            100053478
                 219;             10884172
                 220;             18321075
                 221;             31086690
                 222;             60335460
                 223;             14116330
                 224;             77323844
                 225;            122325933
                 225;            122331305
                 227;             41215853
                 228;             54886618
                 229;             56677068
                 230;             35234640
                 231;             44833733
                 232;             48037185
                 233;             36408330
                 234;             46662511
                 235;             51002605
                 236;             75431347
                 237;             93535619
                 238;             15052409
                 239;             62299837
                 240;             83126148
                 241;             43254174
                 242;              8288805
                 243;             45461595
                 244;              5542917
                 245;             23802660
                 246;             24775586
                 247;             90000342
                 248;            123129984
                 249;             17412451
                 250;             24310982
                 251;             15097026
                 252;             18290589
                 253;             30276806
                 254;             54001157
                 255;             74915911
                 256;             89843005
                 257;              8565175
                 258;             11866127
                 259;              9856546
                 260;             13861853
                 261;             28387723
                 262;             68923592
                 263;             86478180
                 264;            122044060
                 265;            126540393
                 266;             36207985
                 267;             17693585
                 268;             27218924
                 269;              1070230
                 270;              1124601
                 271;            104789727
                 272;            106581552
                 273;            119338334
                 274;              4196038
                 275;             66899906
                 276;             71780744
                 277;            127069640
                 278;             88722564
                 279;              6380279
                 280;             10543482
                 281;              9898273
                 282;             44297337
                 283;             65359611
                 284;             59176840
                 285;             64219486
                 286;              4401616
                 287;              8307021
                 288;             28068103
                 289;              8666598
                 290;             35053494
                 291;             29305238
                 292;              7040415
                 293;             42336471
                 294;              5779249
                 295;             23729520
                 296;              5444456
                 297;             40626470
                 298;             67844524
                 299;             92395531
                 300;             23617907
                 299;             98903879
                 302;             24268006
                 303;             20790511
                 304;             62416662
                 305;              1004132
                 306;             57937308
                 307;             69376283
                 308;             83715118
                 309;             79756268
                 310;            107146855
                 311;            114651529
                 312;            157790182
                 313;              8081353
                 314;             63280366
                 315;             66593697
                 316;             56958207
                 317;            122347503
                 318;            148878210
                 319;             56164248
                 320;             57247906
                 321;             64721554
                 322;             94838984
                 323;             10323530
                 324;             14837795
                 325;             34208069
                 326;              3713682
                 327;             37859108
                 328;              1192235
                 329;             53206727
                 330;             97571413
                 331;             98278684
                 332;               442986
                 333;              9692259
                 334;             22408130
                 335;             50183272
                 336;             55591484
                 337;             27801214
                 338;             50633128
                 339;             11904830
                 340;             16003216
                 341;             85330789
                 342;             95491877
                 343;             24236802
                 344;              9924436
                 345;              7588207
                 346;             67677726
                 347;            164603418
                 348;            168919762
                 349;            208002064
                 350;             17054258
                 351;            139864424
                 352;            145805966
                 353;            176303249
                 354;             24831933
                 355;             95464934
                 356;            106053965
                 357;            155810912
                 358;             31560463
                 359;            177932143
