                   0;             24002020
                   1;             19343044
                   2;             19349890
                   3;             19386220
                   4;             19336884
                   5;             19312762
                   6;             19346180
                   7;             19338648
                   8;             19290166
                   9;             19303914
                  10;             19290670
                  11;             19312622
                  12;             19390462
                  13;             19279288
                  14;             19282368
                  15;             19278392
                  16;             19287618
                  17;             19277706
                  18;             19300946
                  19;             19276782
                  20;             19334266
                  21;             19350254
                  22;             19328344
                  23;             19354664
                  24;             19322310
                  25;             19325782
                  26;             19362560
                  27;             19336030
                  28;             19320182
                  29;             19389314
                  30;             19297950
                  31;             19289466
                  32;             19267850
                  33;             19298286
                  34;             19274976
                  35;             19280016
                  36;             19274374
                  37;             19323402
                  38;             19304474
                  39;             19335092
                  40;             19373480
                  41;             19316654
                  42;             19337780
                  43;             19334210
                  44;             19274094
                  45;             19278574
                  46;             19275382
                  47;             19315772
                  48;             19266730
                  49;             19283054
                  50;             19248208
                  51;             19312944
                  52;             19289116
                  53;             19295052
                  54;             19696642
                  55;             19248964
                  56;             19258442
                  57;             19266268
                  58;             19252856
                  59;             19256524
                  60;             19254410
                  61;             19318684
                  62;             19314288
                  63;             19314092
                  64;             19260038
                  65;             19269992
                  66;             19289606
                  67;             19268494
                  68;             19286554
                  69;             19311810
                  70;             19316472
                  71;             19349064
                  72;             19263678
                  73;             19268620
                  74;             19264742
                  75;             19274948
                  76;             19326510
                  77;             19312160
                  78;             19316402
                  79;             19266856
                  80;             19268886
                  81;             19256664
                  82;             19597704
                  83;             19302304
                  84;             19308996
                  85;             19356638
                  86;             19317214
                  87;             19266394
                  88;             19296900
                  89;             19265064
                  90;             19371884
                  91;             19315898
                  92;             19339320
                  93;             19263468
                  94;             19264168
                  95;             19294716
                  96;             19271938
                  97;             19307484
                  98;             19308030
                  99;             19669832
                 100;             19306742
                 101;             19274304
                 102;             19280604
                 103;             19262670
                 104;             19308436
                 105;             19333524
                 106;             19332026
                 107;             19308730
                 108;             19279512
                 109;             19276362
                 110;             19599678
                 111;             19342302
                 112;             19366424
                 113;             19335708
                 114;             19264000
                 115;             19262908
                 116;             19289354
                 117;             19300946
                 118;             19331914
                 119;             19405652
                 120;             19309766
                 121;             19282214
                 122;             19298650
                 123;             19279302
                 124;             19332250
                 125;             19333986
                 126;             19310564
                 127;             19274416
                 128;             19282494
                 129;             19275858
                 130;             19334154
                 131;             19332208
                 132;             19317354
                 133;             19292322
                 134;             19271308
                 135;             19278840
                 136;             19303340
                 137;             19314834
                 138;             19323150
                 139;             19617304
                 140;             19275774
                 141;             19277874
                 142;             19278896
                 143;             19340594
                 144;             19324662
                 145;             19322730
                 146;             19276082
                 147;             19278994
                 148;             19320616
                 149;             19319090
                 150;             19307736
                 151;             19335106
                 152;             19266758
                 153;             19294660
                 154;             19283334
                 155;             19331410
                 156;             19345816
                 157;             19320812
                 158;             19261816
                 159;             19273338
                 160;             19274332
                 161;             19315506
                 162;             19321400
                 163;             19340034
                 164;             19274612
                 165;             19287870
                 166;             19261606
                 167;             19316962
                 168;             19311096
                 169;             19264350
                 170;             19307708
                 171;             19273688
                 172;             19316514
                 173;             19345046
                 174;             19274486
                 175;             19269698
                 176;             19263076
                 177;             19362980
                 178;             19306462
                 179;             19325138
                 180;             19280436
                 181;             19274010
                 182;             19261676
                 183;             19305944
                 184;             19326244
                 185;             19274654
                 186;             19259422
                 187;             19289228
                 188;             19313210
                 189;             19327392
                 190;             19291944
                 191;             19266156
                 192;             19274248
                 193;             19341490
                 194;             19313756
                 195;             19659234
                 196;             19276348
                 197;             19265764
                 198;             19277048
                 199;             19340118
                 200;             19299336
                 201;             19252646
                 202;             19241726
                 203;             19254858
                 204;             19315478
                 205;             19311740
                 206;             19299140
                 207;             19290376
                 208;             19307106
                 209;             19276964
                 210;             19352074
                 211;             19332684
                 212;             19281332
                 213;             19286526
                 214;             19303284
                 215;             19287884
                 216;             19316696
                 217;             19320084
                 218;             19271714
                 219;             19273758
                 220;             19652724
                 221;             19266590
                 222;             19307456
                 223;             19319762
                 224;             19349316
                 225;             19260780
                 226;             19378772
                 227;             19292056
                 228;             19348938
                 229;             19313364
                 230;             19317704
                 231;             19261774
                 232;             19259688
                 233;             19262992
                 234;             19320770
                 235;             19383714
                 236;             19285728
                 237;             19282760
                 238;             19262264
                 239;             19327070
                 240;             19335484
                 241;             19364100
                 242;             19276894
                 243;             19269810
                 244;             19307974
                 245;             19334126
                 246;             19690034
                 247;             19290530
                 248;             19294128
                 249;             19300680
                 250;             19277160
                 251;             19317942
                 252;             19332236
                 253;             19279358
                 254;             19285868
                 255;             19401256
                 256;             19393668
                 257;             19354790
                 258;             19298832
                 259;             19279372
                 260;             19266996
                 261;             19362980
                 262;             19332166
                 263;             19269054
                 264;             19360880
                 265;             19297558
                 266;             19353614
                 267;             19335694
                 268;             19280100
                 269;             19275662
                 270;             19336954
                 271;             19341378
                 272;             19332040
                 273;             19285742
                 274;             19282522
                 275;             19274346
                 276;             19321694
                 277;             19721142
                 278;             19300848
                 279;             19275018
                 280;             19274584
                 281;             19364590
                 282;             19338270
                 283;             19362574
                 284;             19278056
                 285;             19276250
                 286;             19362868
                 287;             19353670
                 288;             19284230
                 289;             19277188
                 290;             19287506
                 291;             19330248
                 292;             19328596
                 293;             19317606
                 294;             19279834
                 295;             19361384
                 296;             19346082
                 297;             19286316
                 298;             19316276
                 299;             19287674
                 300;             19303046
                 301;             19348994
                 302;             19264574
                 303;             19266856
                 304;             19273296
                 305;             19317956
                 306;             19336100
                 307;             19272694
                 308;             19285000
                 309;             19272484
                 310;             19320042
                 311;             19318880
                 312;             19323640
                 313;             19276124
                 314;             19280338
                 315;             19380746
                 316;             19318348
                 317;             19282312
                 318;             19300316
                 319;             19272204
                 320;             19330178
                 321;             19354734
                 322;             19310606
                 323;             19286792
                 324;             19286442
                 325;             19349820
                 326;             19333146
                 327;             19304964
                 328;             19284076
                 329;             19335008
                 330;             19348266
                 331;             19309724
                 332;             19308324
                 333;             19276348
                 334;             19320714
                 335;             19353908
                 336;             19285210
                 337;             19311684
                 338;             19372934
                 339;             19325502
                 340;             19276362
                 341;             19293358
                 342;             19283586
                 343;             19323836
                 344;             19347286
                 345;             19279260
                 346;             19273338
                 347;             19330318
                 348;             19352886
                 349;             19265246
                 350;             19301114
                 351;             19323094
                 352;             19323458
                 353;             19278378
                 354;             19287464
                 355;             19361496
                 356;             19362924
                 357;             19274024
                 358;             19293302
                 359;             19283656
