                   0;             13774404
                   1;             14377503
                   2;             12691434
                   3;             13599705
                   4;             14237874
                   5;             13562682
                   6;             10518501
                   7;              9416841
                   8;             12922791
                   9;             12476688
                  10;             12237876
                  11;             10255560
                  12;             10237227
                  13;             13943013
                  14;             12422088
                  15;             13463919
                  16;             13095810
                  17;             10565226
                  18;             11623059
                  19;             10686659
                  20;             10292216
                  21;             10062612
                  22;              9084033
                  23;             10179435
                  24;             10861137
                  25;             21178353
                  26;             23744217
                  27;             22451205
                  28;             21325042
                  29;             22032633
                  30;             21215775
                  31;             22191796
                  32;             23489004
                  33;             23295468
                  34;             31108581
                  35;             23684745
                  36;             22437177
                  37;             27172677
                  38;             25294264
                  39;             26770147
                  40;             47230978
                  41;             22738884
                  42;             26488847
                  43;             21063399
                  44;             32069646
                  45;             20430837
                  46;             23153739
                  47;             21192969
                  48;             27683355
                  49;             20922531
                  50;             23304645
                  51;             22420545
                  52;             24111381
                  53;             21811503
                  54;             22957074
                  55;             21272853
                  56;             22512903
                  57;             22028811
                  58;             32042451
                  59;             32481036
                  60;             23905161
                  61;             22501794
                  62;             30019206
                  63;             20452828
                  64;             20405490
                  65;             20459124
                  66;             21004116
                  67;             21150469
                  68;             20057142
                  69;             21566801
                  70;             32264137
                  71;             27782033
                  72;             24225978
                  73;             21781200
                  74;             23562735
                  75;             21398685
                  76;             21684537
                  77;             22106616
                  78;             23753709
                  79;             20414646
                  80;             30667160
                  81;             22211511
                  82;             22025077
                  83;             23169867
                  84;             23794390
                  85;             21435099
                  86;             21504567
                  87;             21675234
                  88;             22860894
                  89;             22028286
                  90;             21026376
                  91;             26507302
                  92;             24838279
                  93;             25647420
                  94;             21999873
                  95;             24604986
                  96;             25405716
                  97;             25458468
                  98;             25891446
                  99;             22133727
                 100;             21692790
                 101;             24369345
                 102;             23690461
                 103;             21272601
                 104;             49110968
                 105;             24420669
                 106;             21235305
                 107;             21824145
                 108;             21216153
                 109;             22354920
                 110;             22769376
                 111;             20591025
                 112;             21273378
                 113;             22516389
                 114;             21020983
                 115;             21426405
                 116;             21997647
                 117;             22261082
                 118;             21232113
                 119;             20781873
                 120;             23490191
                 121;             20990634
                 122;             22102861
                 123;             25498557
                 124;             21421838
                 125;             20437305
                 126;             24090742
                 127;             31783962
                 128;             36577695
                 129;             20672442
                 130;             20837187
                 131;             23282763
                 132;             24574277
                 133;             23520298
                 134;             22226169
                 135;             22844808
                 136;             23788139
                 137;             31938900
                 138;             31664997
                 139;             30198614
                 140;             22394673
                 141;             32688558
                 142;             20937210
                 143;             23002581
                 144;             23678834
                 145;             23946897
                 146;             23946111
                 147;             30769620
                 148;             21552405
                 149;             22200759
                 150;             23266740
                 151;             24757635
                 152;             32126703
                 153;             20943888
                 154;             33518499
                 155;             21664167
                 156;             24691065
                 157;             22979422
                 158;             21302820
                 159;             23610871
                 160;             21005628
                 161;             25211949
                 162;             21028560
                 163;             26641549
                 164;             21466116
                 165;             29241898
                 166;             20965308
                 167;             20958903
                 168;             21076226
                 169;             21529893
                 170;             23389800
                 171;             21744257
                 172;             20980428
                 173;             20953758
                 174;             22068690
                 175;             20905479
                 176;             22323130
                 177;             31723923
                 178;             21327432
                 179;             21840021
                 180;             20327496
                 181;             22134857
                 182;             23601501
                 183;             20586825
                 184;             23778531
                 185;             22329821
                 186;             29976717
                 187;             21977882
                 188;             20429220
                 189;             21523488
                 190;             24192756
                 191;             26076683
                 192;             22547070
                 193;             23807637
                 194;             23227449
                 195;             24506307
                 196;             20598375
                 197;             28496727
                 198;             22684883
                 199;             20689977
                 200;             20275836
                 201;             27925244
                 202;             41746807
                 203;             26887031
                 204;             20806380
                 205;             20733447
                 206;             28047655
                 207;             20724836
                 208;             20377980
                 209;             20310444
                 210;             21867728
                 211;             20198556
                 212;             21002394
                 213;             20520906
                 214;             20512128
                 215;             20653248
                 216;             23475953
                 217;             20593356
                 218;             22954785
                 219;             20544762
                 220;             22969023
                 221;             20607909
                 222;             33235629
                 223;             22511622
                 224;             22373442
                 225;             29385515
                 226;             21145677
                 227;             20625717
                 228;             34584837
                 229;             23523822
                 230;             23676873
                 231;             20953202
                 232;             22316448
                 233;             20957013
                 234;             22255769
                 235;             25487679
                 236;             30606387
                 237;             19969908
                 238;             34613061
                 239;             23482494
                 240;             22978389
                 241;             24271590
                 242;             22111236
                 243;             23345270
                 244;             22785042
                 245;             21750183
                 246;             23266173
                 247;             26213397
                 248;             20331276
                 249;             29756774
                 250;             29290947
                 251;             21321825
                 252;             20325060
                 253;             19955817
                 254;             22223124
                 255;             26123307
                 256;             21005208
                 257;             21718116
                 258;             20531196
                 259;             21740859
                 260;             20654970
                 261;             20686113
                 262;             22544781
                 263;             21745437
                 264;             28421169
                 265;             21807156
                 266;             22987923
                 267;             21259266
                 268;             21155064
                 269;             20972826
                 270;             22203321
                 271;             23760660
                 272;             23494926
                 273;             23026962
                 274;             22806609
                 275;             21482496
                 276;             31242624
                 277;             20906025
                 278;             20961339
                 279;             21646275
                 280;             20705097
                 281;             21886368
                 282;             20302044
                 283;             20282031
                 284;             21336210
                 285;             20276655
                 286;             21125391
                 287;             20775090
                 288;             21105579
                 289;             20086332
                 290;             20300364
                 291;             21599053
                 292;             22288371
                 293;             26155794
                 294;             23675085
                 295;             20057583
                 296;             19896975
                 297;             20887468
                 298;             33611697
                 299;             20080977
                 300;             20599635
                 301;             20150676
                 302;             20559819
                 303;             20907117
                 304;             20572797
                 305;             20286084
                 306;             21075978
                 307;             21457065
                 308;             26512647
                 309;             21311955
                 310;             20287953
                 311;             22666249
                 312;             30481248
                 313;             23012493
                 314;             21177618
                 315;             20115984
                 316;             21663474
                 317;             22571675
                 318;             22937313
                 319;             20641782
                 320;             22508430
                 321;             20246835
                 322;             23664337
                 323;             20915482
                 324;             23432976
                 325;             23116380
                 326;             21083559
                 327;             20264958
                 328;             23838486
                 329;             21609357
                 330;             32835201
                 331;             22398852
                 332;             20761209
                 333;             21789117
                 334;             23142245
                 335;             24769437
                 336;             22862161
                 337;             24901737
                 338;             22586861
                 339;             23556043
                 340;             20503098
                 341;             20797413
                 342;             20708373
                 343;             35295435
                 344;             20921691
                 345;             21872718
                 346;             23875395
                 347;             21981792
                 348;             21897708
                 349;             22173592
                 350;             29219240
                 351;             21568491
                 352;             26802333
                 353;             29876200
                 354;             25133157
                 355;             20103741
                 356;             20694513
                 357;             20247528
                 358;             24800622
                 359;             22450361
