v0 :
             2764800;   366051798.000;   453448254.000;   409750026.000;   369081467.767;           0.015;           2.288 %;
v1 :
             2764800;    11793873.000;    13697586.000;    12745729.500;    12083614.783;           0.458;           1.220 %;
v2 :
             2764800;     4340595.000;     6467874.000;     5404234.500;     4362041.775;           1.268;           2.570 %;
v3 :
             2764800;     6165579.000;     9859836.000;     8012707.500;     6354986.517;           0.870;           4.482 %;
v4 :
             2764800;       26229.000;    20733825.000;    10380027.000;     7565517.443;           0.731;          59.938 %;

