                   0;            521256428
                   1;            516407052
                   2;            516196240
                   3;            516380382
                   4;            516357954
                   5;            517012062
                   6;            516699680
                   7;            517538546
                   8;            517130460
                   9;            517754328
                  10;            517151852
                  11;            517929146
                  12;            516988514
                  13;            517097700
                  14;            516787908
                  15;            517412560
                  16;            518338408
                  17;            518819224
                  18;            517135822
                  19;            517565832
                  20;            516952828
                  21;            516444012
                  22;            516456136
                  23;            517141254
                  24;            516836712
                  25;            516761098
                  26;            517036996
                  27;            517015408
                  28;            517610310
                  29;            517048252
                  30;            517847022
                  31;            516937834
                  32;            516492368
                  33;            519015420
                  34;            518206066
                  35;            517403796
                  36;            516992938
                  37;            517344394
                  38;            517438292
                  39;            517046502
                  40;            517234564
                  41;            518229194
                  42;            517127436
                  43;            516772886
                  44;            516761546
                  45;            516735352
                  46;            517721778
                  47;            518707672
                  48;            524218758
                  49;            517056288
                  50;            517422332
                  51;            516768266
                  52;            516880182
                  53;            517168498
                  54;            516547122
                  55;            516481644
                  56;            517209700
                  57;            516978560
                  58;            517313230
                  59;            518253988
                  60;            517941424
                  61;            517283620
                  62;            516803630
                  63;            516542502
                  64;            517195140
                  65;            516507698
                  66;            518840714
                  67;            517950650
                  68;            517182484
                  69;            517632514
                  70;            517520626
                  71;            516979652
                  72;            516504422
                  73;            516455506
                  74;            517136354
                  75;            516393794
                  76;            516124812
                  77;            517139504
                  78;            516742716
                  79;            517230112
                  80;            516748806
                  81;            516438664
                  82;            516978448
                  83;            516171502
                  84;            516739524
                  85;            516144776
                  86;            516700142
                  87;            517242348
                  88;            517131860
                  89;            517248018
                  90;            516885908
                  91;            516935748
                  92;            519440124
                  93;            517023500
                  94;            518202622
                  95;            516757402
                  96;            516159336
                  97;            516856914
                  98;            516841038
                  99;            516820976
                 100;            517252008
                 101;            516999266
                 102;            516419610
                 103;            515983468
                 104;            516383000
                 105;            516543356
                 106;            516587750
                 107;            516175758
                 108;            516527088
                 109;            516761854
                 110;            517169156
                 111;            516702382
                 112;            516469016
                 113;            516974318
                 114;            516133898
                 115;            516725160
                 116;            516287450
                 117;            516653970
                 118;            519082914
                 119;            516850208
                 120;            517213830
                 121;            517181700
                 122;            517078310
                 123;            516655090
                 124;            528153178
                 125;            517032474
                 126;            516381684
                 127;            516639830
                 128;            517201286
                 129;            516591642
                 130;            516734820
                 131;            516992154
                 132;            516389426
                 133;            516660620
                 134;            516030564
                 135;            516618130
                 136;            516445818
                 137;            516663574
                 138;            517163262
                 139;            517244826
                 140;            516541914
                 141;            517068958
                 142;            516748722
                 143;            516777184
                 144;            519691452
                 145;            515995158
                 146;            516553296
                 147;            516612446
                 148;            516049044
                 149;            517254262
                 150;            516715080
                 151;            517193376
                 152;            516722710
                 153;            516076428
                 154;            516679646
                 155;            516410790
                 156;            516887322
                 157;            516561542
                 158;            516676132
                 159;            517187734
                 160;            517058094
                 161;            516690244
                 162;            517168064
                 163;            529069044
                 164;            517231134
                 165;            516362294
                 166;            516609492
                 167;            516418406
                 168;            517207292
                 169;            517639864
                 170;            516436942
                 171;            516590144
                 172;            516933984
                 173;            516228734
                 174;            516370190
                 175;            515998630
                 176;            516397896
                 177;            517284306
                 178;            516180518
                 179;            516514320
                 180;            516980618
                 181;            516827962
                 182;            516968732
                 183;            517107808
                 184;            516460210
                 185;            516471522
                 186;            517430816
                 187;            516390070
                 188;            516488714
                 189;            516360264
                 190;            518144116
                 191;            516448506
                 192;            516986988
                 193;            516890276
                 194;            516686030
                 195;            517547170
                 196;            516047476
                 197;            516024446
                 198;            516795244
                 199;            516499522
                 200;            516903744
                 201;            516624626
                 202;            516546478
                 203;            516870172
                 204;            516811316
                 205;            516577558
                 206;            515869746
                 207;            516203100
                 208;            516322786
                 209;            516239514
                 210;            516342400
                 211;            516490716
                 212;            516590284
                 213;            516848836
                 214;            517752522
                 215;            515931052
                 216;            516664008
                 217;            516155052
                 218;            516229504
                 219;            516621070
                 220;            517164690
                 221;            516999252
                 222;            516525618
                 223;            517204954
                 224;            516235706
                 225;            515831302
                 226;            516347412
                 227;            516310284
                 228;            515936162
                 229;            516175478
                 230;            515963770
                 231;            517297592
                 232;            516997460
                 233;            516757766
                 234;            517273708
                 235;            516267164
                 236;            516518436
                 237;            516402418
                 238;            516267696
                 239;            516781216
                 240;            516510456
                 241;            517672848
                 242;            516727106
                 243;            516940102
                 244;            517677538
                 245;            516773628
                 246;            517450570
                 247;            516855948
                 248;            516250854
                 249;            516952044
                 250;            516395152
                 251;            516918262
                 252;            517283998
                 253;            516930204
                 254;            517398518
                 255;            516688662
                 256;            516465754
                 257;            516680598
                 258;            516608974
                 259;            516617976
                 260;            516676846
                 261;            516840408
                 262;            517445180
                 263;            516921804
                 264;            516831308
                 265;            517332368
                 266;            516359928
                 267;            517056862
                 268;            516630184
                 269;            516253710
                 270;            517043408
                 271;            517181000
                 272;            518098224
                 273;            516920922
                 274;            516808684
                 275;            517457444
                 276;            516131168
                 277;            517496280
                 278;            516554192
                 279;            516207762
                 280;            517148114
                 281;            516651842
                 282;            518073878
                 283;            517367550
                 284;            517122186
                 285;            517384084
                 286;            517267814
                 287;            516793550
                 288;            517080312
                 289;            516436200
                 290;            516972414
                 291;            517139546
                 292;            517728092
                 293;            517904688
                 294;            517088124
                 295;            516924814
                 296;            517224288
                 297;            517761524
                 298;            517138748
                 299;            516423096
                 300;            516730368
                 301;            516718160
                 302;            516783470
                 303;            517886306
                 304;            517083224
                 305;            517140008
                 306;            516945044
                 307;            516459552
                 308;            517200530
                 309;            516691140
                 310;            516377232
                 311;            517033720
                 312;            516566946
                 313;            517809586
                 314;            517175246
                 315;            517573350
                 316;            518180180
                 317;            516745950
                 318;            517066550
                 319;            517156178
                 320;            516745404
                 321;            517124482
                 322;            517539162
                 323;            517922552
                 324;            517621706
                 325;            517048112
                 326;            517610632
                 327;            516363386
                 328;            516760986
                 329;            517097560
                 330;            516644352
                 331;            516505080
                 332;            516368608
                 333;            517857158
                 334;            517476218
                 335;            517215146
                 336;            517792996
                 337;            517083756
                 338;            516688844
                 339;            517172306
                 340;            516730522
                 341;            516763590
                 342;            517860812
                 343;            517335714
                 344;            517829284
                 345;            517004684
                 346;            517458242
                 347;            517416340
                 348;            517705426
                 349;            516961312
                 350;            516422298
                 351;            516824084
                 352;            516906446
                 353;            516848122
                 354;            517517756
                 355;            517590094
                 356;            517042680
                 357;            518038220
                 358;            516415032
                 359;            517022184
