                   0;             49604268
                   1;             49978040
                   2;             49989576
                   3;             49803152
                   4;             56503370
                   5;             46477746
                   6;             46491172
                   7;             46575900
                   8;             46714766
                   9;             46744852
                  10;             46776954
                  11;             46800334
                  12;             46864734
                  13;             46984966
                  14;             46987276
                  15;             47038894
                  16;             47126170
                  17;             47136586
                  18;             47162570
                  19;             47312076
                  20;             47326986
                  21;             47347356
                  22;             47362196
                  23;             47390280
                  24;             47390084
                  25;             47444530
                  26;             47444376
                  27;             47564118
                  28;             47647404
                  29;             61731544
                  30;             61806066
                  31;             61824504
                  32;             61817014
                  33;              4562782
                  34;             26495700
                  35;             26504800
                  36;             26510302
                  37;             55342434
                  38;             55374424
                  39;             55410768
                  40;             55508614
                  41;              6110678
                  42;             17671962
                  43;             17686172
                  44;             17724196
                  45;             17865596
                  46;             17865904
                  47;             17920392
                  48;             18115426
                  49;             18121166
                  50;             18158392
                  51;             18307604
                  52;             18145876
                  53;             18319070
                  54;             18453694
                  55;             18459602
                  56;             18466504
                  57;             18717020
                  58;             18770486
                  59;             18770542
                  60;             18800880
                  61;             18811254
                  62;             18871958
                  63;             18929834
                  64;             18947068
                  65;             18953536
                  66;              5674676
                  67;              5721996
                  68;              5735268
                  69;              5867918
                  70;             13330408
                  71;             40213474
                  72;             40232304
                  73;             40262544
                  74;             40339334
                  75;             11683602
                  76;             11709530
                  77;             11740988
                  78;             21507794
                  79;             24488198
                  80;             24676386
                  81;             24688958
                  82;             24884146
                  83;             24911922
                  84;             25097968
                  85;             25208484
                  86;             25209702
                  87;             25378150
                  88;             25467288
                  89;             25644262
                  90;             25760910
                  91;             25775960
                  92;             26043584
                  93;             26069050
                  94;             26070590
                  95;             26071262
                  96;             26202974
                  97;             26205802
                  98;             26232332
                  99;             26245632
                 100;             26245394
                 101;             26662734
                 102;             26672352
                 103;             19561822
                 104;             19622498
                 105;             19863130
                 106;             24017336
                 107;             12670910
                 108;             29437674
                 109;             29528940
                 110;             29638364
                 111;              9970954
                 112;             10161872
                 113;             10182186
                 114;             10277470
                 115;             10371312
                 116;             10445316
                 117;             10638208
                 118;             10766798
                 119;             10825192
                 120;             10955098
                 121;             11141802
                 122;             11154108
                 123;             11159778
                 124;             11322262
                 125;             11402636
                 126;             11417000
                 127;             11417910
                 128;             11512620
                 129;             11861864
                 130;             11873092
                 131;             12587904
                 132;             12609940
                 133;             12622722
                 134;             12602870
                 135;             13687926
                 136;             24507700
                 137;             24517794
                 138;             24730440
                 139;              8602706
                 140;             19551448
                 141;             19620468
                 142;             19778234
                 143;             24536904
                 144;             29670620
                 145;             29671516
                 146;             29934758
                 147;             39902268
                 148;             40092906
                 149;             40104302
                 150;             40249440
                 151;             40322954
                 152;             40445580
                 153;             40818330
                 154;             40921020
                 155;             40937778
                 156;             41020056
                 157;             41102194
                 158;             41124426
                 159;             41299874
                 160;             41315470
                 161;             41326362
                 162;             41585404
                 163;             41585530
                 164;             41672302
                 165;             42286384
                 166;             42300762
                 167;             43137556
                 168;             43279138
                 169;             43279222
                 170;             43315972
                 171;             43299326
                 172;              1503264
                 173;              1519798
                 174;              3024952
                 175;              3888164
                 176;              3277638
                 177;              3308942
                 178;              3499468
                 179;             24416070
                 180;             25650534
                 181;             25826318
                 182;             25838834
                 183;             25848200
                 184;             26021912
                 185;             26021912
                 186;             26168114
                 187;             26530056
                 188;             26553128
                 189;             26706652
                 190;             26713008
                 191;             26729780
                 192;             26912564
                 193;             26917226
                 194;             26921230
                 195;             27324696
                 196;             27329330
                 197;             27448666
                 198;             27779850
                 199;             28366772
                 200;             28377930
                 201;             29334522
                 202;             29336608
                 203;             29415960
                 204;             29420776
                 205;             29832684
                 206;             29943900
                 207;             30017386
                 208;             15405082
                 209;             15407196
                 210;             16902956
                 211;             20090406
                 212;             18883088
                 213;             18988410
                 214;             42861196
                 215;             42861490
                 216;               307104
                 217;             20654046
                 218;             20665190
                 219;             22135162
                 220;             22136198
                 221;             26205676
                 222;             26389622
                 223;             26406408
                 224;             26530266
                 225;             26622470
                 226;             26713568
                 227;             26979638
                 228;             27117566
                 229;             27132630
                 230;             27270880
                 231;             27349112
                 232;             27380906
                 233;             27535004
                 234;             27857690
                 235;             28148960
                 236;             28158256
                 237;             28199682
                 238;             29631924
                 239;             29644328
                 240;             16652202
                 241;             16660560
                 242;             19972876
                 243;             30232832
                 244;             30251592
                 245;              9458890
                 246;              9459072
                 247;             10908898
                 248;             10913672
                 249;              2035684
                 250;              2043104
                 251;             15263206
                 252;             15278186
                 253;             11851336
                 254;             12033462
                 255;             12034330
                 256;             12164950
                 257;             12227754
                 258;             12347986
                 259;             12791268
                 260;             12808180
                 261;             12811974
                 262;             12806654
                 263;             13186376
                 264;             13195000
                 265;             13721204
                 266;             13956544
                 267;             13969102
                 268;             15536486
                 269;             15536850
                 270;             20647760
                 271;             20661928
                 272;             22118026
                 273;             22118348
                 274;               657804
                 275;               748160
                 276;              3782814
                 277;             15309616
                 278;             15309644
                 279;              2453010
                 280;              2452576
                 281;             20643686
                 282;             20649062
                 283;             22080884
                 284;             22082648
                 285;              2188858
                 286;              2195592
                 287;             15448720
                 288;             15448930
                 289;             22468586
                 290;             27689354
                 291;             27871788
                 292;             27892214
                 293;             27874546
                 294;             28030828
                 295;             28051044
                 296;             28670950
                 297;             28688884
                 298;             28684558
                 299;             28907368
                 300;             28917462
                 301;             29617224
                 302;             29809262
                 303;             29809360
                 304;             31425590
                 305;             31494218
                 306;                41524
                 307;                45920
                 308;               315910
                 309;             12447302
                 310;             14799540
                 311;             23082122
                 312;             30161096
                 313;             49365862
                 314;             52390982
                 315;             60445364
                 316;             67549104
                 317;             67833402
                 318;              4783548
                 319;              2165394
                 320;              2597672
                 321;              2698528
                 322;             13037528
                 323;             13238400
                 324;             13902042
                 325;             13890982
                 326;             13893180
                 327;             15157884
                 328;             15148518
                 329;             15690920
                 330;             16718632
                 331;             16722510
                 332;                74998
                 333;               822570
                 334;               488754
                 335;             11553486
                 336;                90146
                 337;              2827090
                 338;              2930312
                 339;             22587628
                 340;             25728850
                 341;              7065352
                 342;             12985266
                 343;             15575994
                 344;             15932952
                 345;             16625770
                 346;             17222240
                 347;             17840074
                 348;             19423208
                 349;             20398882
                 350;             29149204
                 351;             29311786
                 352;             17076668
                 353;             17078614
                 354;             69459362
                 355;             71173494
                 356;             73800524
                 357;             66544926
                 358;             68475120
                 359;             68425910
