                   0;            244727334
                   1;            252424667
                   2;            254482859
                   3;            255779550
                   4;            266838024
                   5;            270080536
                   6;            272560428
                   7;            286752047
                   8;            240523364
                   9;            243582226
                  10;            247286722
                  11;            252326622
                  12;            255845785
                  13;            257981847
                  14;            271747375
                  15;            304782261
                  16;            182287396
                  17;            186115537
                  18;            224152026
                  19;            228511605
                  20;            229082415
                  21;            235767634
                  22;              8315282
                  23;             37967265
                  24;            174336650
                  25;            175370741
                  26;            211917792
                  27;            224556465
                  28;            232882121
                  29;              4723521
                  30;             32824864
                  31;             35343138
                  32;            158893317
                  33;            181273698
                  34;            196913553
                  35;            237502453
                  36;            245490000
                  37;              4244114
                  38;              8788747
                  39;             16999271
                  40;            143676713
                  41;            171099269
                  42;            173561003
                  43;              3103716
                  44;              4203673
                  45;             12685410
                  46;              8987813
                  47;             35446924
                  48;             78798141
                  49;             99490281
                  50;            111421414
                  51;            117728172
                  52;             70538503
                  53;             77817362
                  54;            116877225
                  55;             38853517
                  56;              6146441
                  57;             21953843
                  58;             39032357
                  59;             50765965
                  60;             19509497
                  61;             31317643
                  62;             75366168
                  63;              3581470
                  64;             84109911
                  65;            110083950
                  66;            140931924
                  67;            143804023
                  68;            153571396
                  69;            154448620
                  70;             11081129
                  71;               390572
                  72;            109047698
                  73;            132389898
                  74;            147425502
                  75;              1516231
                  76;             21238847
                  77;              6598258
                  78;             23987597
                  79;             24721176
                  80;             87608696
                  81;            121868358
                  82;              7773763
                  83;             32260477
                  84;             26079343
                  85;             66627155
                  86;             79557952
                  87;             42465246
                  88;             44537900
                  89;             77211874
                  90;             21190050
                  91;              6698566
                  92;             42183895
                  93;             65756054
                  94;              2053329
                  95;             10045490
                  96;            134882013
                  97;            145299670
                  98;            163615009
                  99;            184186768
                 100;              5212585
                 101;              1569548
                 102;              3200153
                 103;             35224509
                 104;             43786311
                 105;             78320500
                 106;             12164880
                 107;             13499581
                 108;             46626344
                 109;              8548877
                 110;             36209831
                 111;             25158493
                 112;             25231964
                 113;             63068684
                 114;             21878019
                 115;             17716293
                 116;             65110307
                 117;             85039248
                 118;            101908170
                 119;              3400201
                 120;             16039093
                 121;              2586440
                 122;             18801720
                 123;             35325570
                 124;             79622233
                 125;             82245122
                 126;            108467087
                 127;             18458662
                 128;             20346809
                 129;             31379845
                 130;             11960921
                 131;             28197512
                 132;             66751431
                 133;             79143447
                 134;              4553168
                 135;              7495186
                 136;             29833612
                 137;             40702881
                 138;              9335772
                 139;             10103833
                 140;             98628894
                 141;            121849735
                 142;            146282101
                 143;              8896900
                 144;               160587
                 145;              6721071
                 146;               127374
                 147;               162318
                 148;             77022666
                 149;             77508887
                 150;               120034
                 151;             38423268
                 152;             42791942
                 153;              7133819
                 154;             37522611
                 155;              2704938
                 156;             82599517
                 157;             82673304
                 158;             44195655
                 159;             46775050
                 160;             59702102
                 161;             74692086
                 162;             98568045
                 163;             15159389
                 164;            110266966
                 165;            137630711
                 166;             14830454
                 167;              5804020
                 168;             36479324
                 169;             14964579
                 170;              7433062
                 171;             17315802
                 172;             99843926
                 173;            117207832
                 174;             14852047
                 175;             15968467
                 176;             52327055
                 177;             57322563
                 178;             64755726
                 179;              6985025
                 180;            124041153
                 181;            126477888
                 182;              3565048
                 183;             35206063
                 184;             57092007
                 185;             58927311
                 186;             67439621
                 187;             75512427
                 188;            141701784
                 189;            157083602
                 190;            201124501
                 191;              5272892
                 192;              1770188
                 193;             24166452
                 194;               783828
                 195;             17852359
                 196;             97681752
                 197;            123164937
                 198;            137458886
                 199;            159897785
                 200;            177076284
                 201;             10473246
                 202;              3453870
                 203;             44241888
                 204;             91441522
                 205;            111499992
                 206;            120862279
                 207;            137890746
                 208;            142996275
                 209;             11975271
                 210;             11633571
                 211;             50669442
                 212;             67886070
                 213;             87910188
                 214;             88455637
                 215;             97207018
                 216;              3959974
                 217;              7085686
                 218;             27895819
                 219;             73370843
                 220;             61714114
                 221;             86651112
                 222;             86857071
                 223;             98470869
                 224;             99545705
                 225;              9218597
                 226;             13406106
                 227;             14467698
                 228;             31801315
                 229;             37140194
                 230;             53365592
                 231;             67055912
                 232;             77205919
                 233;              8789128
                 234;              5745276
                 235;             19032832
                 236;             26786937
                 237;             67961906
                 238;             71388856
                 239;             15963031
                 240;             33496389
                 241;             55407366
                 242;             52625181
                 243;              9112127
                 244;             49615331
                 245;              7585774
                 246;             34763146
                 247;              9727870
                 248;             17509791
                 249;             20826914
                 250;             69069343
                 251;            121638128
                 252;             17586991
                 253;             47746218
                 254;              6665328
                 255;             12783384
                 256;             34349362
                 257;              6176205
                 258;             86862555
                 259;            131949135
                 260;              4221581
                 261;             52250737
                 262;             15011911
                 263;             26735574
                 264;             11995863
                 265;             15051792
                 266;             94456908
                 267;            116988690
                 268;            142494754
                 269;             16794682
                 270;              5016720
                 271;             15498206
                 272;             17423737
                 273;             36111624
                 274;            110712441
                 275;            152358642
                 276;            155951635
                 277;              4370160
                 278;              8724573
                 279;             25086058
                 280;             42507764
                 281;              1118656
                 282;             89618256
                 283;            133019200
                 284;              1488178
                 285;              2287730
                 286;             28303557
                 287;              5283166
                 288;             14755494
                 289;             18892741
                 290;            117275718
                 291;            156390787
                 292;            161709534
                 293;            164704757
                 294;            172665538
                 295;             21332203
                 296;             23779447
                 297;             37237599
                 298;            102171314
                 299;            134464064
                 300;            149686288
                 301;            158617895
                 302;            160432585
                 303;             13170052
                 304;             21693231
                 305;             36139617
                 306;            111785258
                 307;            120819570
                 308;            124853833
                 309;            166053955
                 310;                 8722
                 311;              7212102
                 312;              1689973
                 313;             18713948
                 314;             92666763
                 315;             94000554
                 316;             99672594
                 317;               190094
                 318;              1720243
                 319;             15750092
                 320;             16007586
                 321;             30494903
                 322;             84976937
                 323;             95070330
                 324;            115780526
                 325;              8779878
                 326;              9536851
                 327;             10072876
                 328;             18401273
                 329;             62340213
                 330;             63745868
                 331;             68388390
                 332;            110244826
                 333;            116463883
                 334;             17690640
                 335;             12124292
                 336;             14674745
                 337;              6495686
                 338;             37747456
                 339;             57989925
                 340;              4290245
                 341;              7590992
                 342;              3460378
                 343;              6271948
                 344;              5977107
                 345;             17466106
                 346;             31914491
                 347;             58554134
                 348;             72903544
                 349;            100995951
                 350;            112500962
                 351;             28620564
                 352;             64062159
                 353;             69694928
                 354;             25504614
                 355;             64314247
                 356;             47962268
                 357;             94534409
                 358;            129443379
                 359;            142382688
