                   0;             95622807
                   1;             92730771
                   2;             92500485
                   3;             92620353
                   4;             92563380
                   5;             94385844
                   6;             95426919
                   7;             93522303
                   8;             92475978
                   9;             92021265
                  10;             91868238
                  11;             92196825
                  12;             91958349
                  13;             92097264
                  14;             91568484
                  15;             92125236
                  16;             92231454
                  17;             91915404
                  18;             91897680
                  19;             92065617
                  20;             97807668
                  21;             92067360
                  22;             91983843
                  23;             91497966
                  24;             91583688
                  25;             91353003
                  26;             91614222
                  27;             91437108
                  28;             91383537
                  29;             91348656
                  30;             91347207
                  31;             91638456
                  32;             91381038
                  33;             91373541
                  34;             91445697
                  35;             91639401
                  36;             91380870
                  37;             91877499
                  38;             91894761
                  39;             92091846
                  40;             92119545
                  41;             91798014
                  42;             91778547
                  43;             91673694
                  44;             91897827
                  45;             91741839
                  46;             92558508
                  47;             91739802
                  48;             91802151
                  49;             91802529
                  50;             91664244
                  51;             91678503
                  52;             92357685
                  53;             92119503
                  54;             92358504
                  55;             92899611
                  56;             92095374
                  57;             91187796
                  58;             91285089
                  59;             91597464
                  60;             91683375
                  61;             91131117
                  62;             91573860
                  63;             91612479
                  64;            100721775
                  65;            107692830
                  66;             91401009
                  67;             90654774
                  68;             92606220
                  69;             90609540
                  70;             90249789
                  71;             90165348
                  72;             90159069
                  73;             90681948
                  74;             90895266
                  75;             90700554
                  76;             91566930
                  77;             91752591
                  78;             91233912
                  79;             92099385
                  80;             92178492
                  81;             93490299
                  82;             91896231
                  83;             91766178
                  84;             92456154
                  85;             93657165
                  86;             93286956
                  87;             92498217
                  88;             92528016
                  89;             91913241
                  90;             92878506
                  91;             91824810
                  92;             91776447
                  93;             92165241
                  94;             92875503
                  95;            102321576
                  96;             92411109
                  97;             91757946
                  98;             92147475
                  99;             93196635
                 100;             91858053
                 101;             92391516
                 102;             92361318
                 103;             93022146
                 104;             92198064
                 105;             91883106
                 106;             92128743
                 107;             93237102
                 108;             91926303
                 109;             92255562
                 110;             92473794
                 111;             96120423
                 112;             92961813
                 113;             92084832
                 114;             92031429
                 115;             91931175
                 116;             92847405
                 117;             92127504
                 118;             92016876
                 119;             92090796
                 120;             92009463
                 121;             92191323
                 122;             92153628
                 123;             92053626
                 124;             92110200
                 125;             92051757
                 126;             92005515
                 127;             92002869
                 128;             92079813
                 129;             92101170
                 130;             92486100
                 131;             91918218
                 132;             91995708
                 133;             91870968
                 134;             92018871
                 135;             92152431
                 136;             92175741
                 137;             92267826
                 138;             92142960
                 139;             92024625
                 140;             92577177
                 141;             92405880
                 142;             92014482
                 143;             93465099
                 144;             92331582
                 145;             92171142
                 146;             92392986
                 147;             92262828
                 148;             92489166
                 149;             92341998
                 150;             92301804
                 151;             92000160
                 152;             91785540
                 153;             92470623
                 154;             92489334
                 155;             91950684
                 156;             91966350
                 157;             91838607
                 158;             91723464
                 159;             92040228
                 160;             92086806
                 161;             92012046
                 162;             91991424
                 163;            100448208
                 164;            116713905
                 165;             92042937
                 166;             91905030
                 167;             92038380
                 168;             91996569
                 169;             92008476
                 170;             93887073
                 171;             91858074
                 172;             91963788
                 173;             91959105
                 174;             92111355
                 175;             92268834
                 176;             92090481
                 177;             92089851
                 178;             91954653
                 179;             92063412
                 180;             91439061
                 181;             92682135
                 182;             92039472
                 183;             92974119
                 184;             92349390
                 185;             92879283
                 186;             91782936
                 187;             92009274
                 188;             92472429
                 189;             92255877
                 190;             92285403
                 191;             92811621
                 192;             92203020
                 193;             92127861
                 194;             92300397
                 195;             92190819
                 196;             92290191
                 197;             93110115
                 198;             92564031
                 199;             92981805
                 200;             90956691
                 201;             92520918
                 202;             92228976
                 203;             92074395
                 204;             92174880
                 205;             92353149
                 206;             91982205
                 207;             92252181
                 208;             92455713
                 209;             91845915
                 210;             91373289
                 211;             91661094
                 212;             92296029
                 213;             92502207
                 214;             91053123
                 215;             92200059
                 216;             90815718
                 217;             92025528
                 218;             91632366
                 219;             91208964
                 220;             91986825
                 221;             92672958
                 222;             91929390
                 223;             92120238
                 224;             91889154
                 225;             90400905
                 226;             90062049
                 227;             90378456
                 228;             91533183
                 229;             91419174
                 230;             91930419
                 231;             91884009
                 232;             92480766
                 233;             92318037
                 234;             91326291
                 235;             92894949
                 236;             91948122
                 237;             93122505
                 238;             93372258
                 239;             92176854
                 240;             92281413
                 241;             92270850
                 242;             92386665
                 243;             92065764
                 244;             91941822
                 245;             92053101
                 246;             92141091
                 247;             92255184
                 248;             90848793
                 249;             92079666
                 250;             92838312
                 251;             91847889
                 252;             92293215
                 253;             92555673
                 254;             91186536
                 255;             94410204
                 256;             91962906
                 257;             93066771
                 258;             96333405
                 259;             98494200
                 260;             92424360
                 261;             92687868
                 262;             92320767
                 263;             91751226
                 264;             92851647
                 265;             92300292
                 266;             91750323
                 267;             92386245
                 268;             90535662
                 269;             91050519
                 270;             91465794
                 271;             92105349
                 272;             92090565
                 273;             91337064
                 274;             92113539
                 275;             92156316
                 276;             91622454
                 277;             92531460
                 278;             92539482
                 279;             92377698
                 280;             93064608
                 281;             92236893
                 282;             92241009
                 283;             92368416
                 284;             92463210
                 285;             92624553
                 286;             92406594
                 287;             91591038
                 288;             92239623
                 289;             92166186
                 290;             92162364
                 291;             92171793
                 292;             92412159
                 293;             92275155
                 294;             92032311
                 295;             92071770
                 296;             91573314
                 297;             91609959
                 298;             91767228
                 299;             92049615
                 300;             92807316
                 301;             92111355
                 302;             92229186
                 303;             91810299
                 304;             91636566
                 305;             91940688
                 306;             91669263
                 307;             92077860
                 308;             91701393
                 309;             91731759
                 310;             92442420
                 311;             91847070
                 312;             91987770
                 313;             92646477
                 314;             91784679
                 315;             92060031
                 316;             91470036
                 317;             91680918
                 318;             98636223
                 319;             93275616
                 320;             92240778
                 321;             92291199
                 322;             92359050
                 323;             92199408
                 324;             91713048
                 325;             92095605
                 326;             92010849
                 327;             90855576
                 328;             91597569
                 329;             91998984
                 330;             92115744
                 331;             91726152
                 332;             91999572
                 333;             92380890
                 334;             96065697
                 335;             92082648
                 336;             91949802
                 337;             92197896
                 338;             92210706
                 339;             92178555
                 340;             91793016
                 341;             92198169
                 342;             92283954
                 343;             92106504
                 344;             92037435
                 345;             92217531
                 346;             91891590
                 347;             92131284
                 348;             92051652
                 349;             92138403
                 350;             92171205
                 351;             92099511
                 352;             92099700
                 353;             92054193
                 354;             92205330
                 355;             92335803
                 356;             92086869
                 357;             92194746
                 358;             92140314
                 359;             92290170
