                   0;            588375788
                   1;            606197158
                   2;            602816046
                   3;            599914546
                   4;            591718442
                   5;            593032202
                   6;            610563604
                   7;            593789280
                   8;            605053918
                   9;            594168876
                  10;            598292674
                  11;            603172976
                  12;            601206774
                  13;            592420346
                  14;            593124112
                  15;            599631088
                  16;            607741610
                  17;            598932474
                  18;            598435628
                  19;            610590190
                  20;            612629332
                  21;            599693094
                  22;            612138814
                  23;            607431244
                  24;            604416190
                  25;            593217996
                  26;            606164930
                  27;            606901736
                  28;            601050324
                  29;            598904222
                  30;            607947760
                  31;            601600594
                  32;            605378382
                  33;            597409638
                  34;            603435000
                  35;            607735254
                  36;            610972334
                  37;            615453272
                  38;            608610254
                  39;            591453352
                  40;            601724102
                  41;            603066800
                  42;            611758336
                  43;            607384960
                  44;            591125724
                  45;            591762710
                  46;            597516864
                  47;            609209748
                  48;            600865608
                  49;            596424696
                  50;            603815688
                  51;            594143550
                  52;            593606496
                  53;            600209876
                  54;            601150844
                  55;            603932588
                  56;            604591134
                  57;            598630718
                  58;            620968152
                  59;            601020378
                  60;            599155830
                  61;            594033860
                  62;            600118078
                  63;            608706882
                  64;            596129730
                  65;            611038526
                  66;            603710576
                  67;            612476200
                  68;            612328808
                  69;            598254356
                  70;            614205816
                  71;            592638158
                  72;            610210580
                  73;            605312498
                  74;            601883030
                  75;            607168772
                  76;            603323434
                  77;            604817234
                  78;            612397156
                  79;            609302540
                  80;            616983528
                  81;            628818414
                  82;            595996646
                  83;            596562946
                  84;            593023032
                  85;            597975098
                  86;            609926870
                  87;            619719464
                  88;            606188114
                  89;            608334342
                  90;            603270598
                  91;            603286250
                  92;            604708832
                  93;            602474614
                  94;            599699968
                  95;            607681312
                  96;            605224830
                  97;            598638012
                  98;            596693258
                  99;            592720996
                 100;            606120984
                 101;            586366130
                 102;            601975094
                 103;            606622800
                 104;            595039830
                 105;            608245190
                 106;            594594770
                 107;            606542916
                 108;            611291884
                 109;            584744580
                 110;            621955306
                 111;            603648794
                 112;            606808146
                 113;            610122800
                 114;            605425926
                 115;            592248440
                 116;            601368474
                 117;            602023422
                 118;            593855458
                 119;            598622318
                 120;            602698698
                 121;            617995126
                 122;            608255564
                 123;            608474692
                 124;            605255658
                 125;            603610560
                 126;            599595696
                 127;            599009250
                 128;            600990572
                 129;            606926026
                 130;            601787298
                 131;            606560794
                 132;            610318408
                 133;            609879606
                 134;            601483358
                 135;            609707364
                 136;            604791334
                 137;            601263474
                 138;            605511732
                 139;            601788152
                 140;            599552702
                 141;            587916042
                 142;            609271026
                 143;            599448990
                 144;            590155034
                 145;            612908744
                 146;            604417716
                 147;            607769302
                 148;            595182098
                 149;            617552544
                 150;            606243442
                 151;            610118166
                 152;            601282108
                 153;            610143674
                 154;            596027446
                 155;            600958974
                 156;            595491330
                 157;            603607200
                 158;            610042608
                 159;            614953948
                 160;            598285002
                 161;            606687774
                 162;            600732594
                 163;            595421960
                 164;            610219470
                 165;            602865382
                 166;            597870602
                 167;            591527272
                 168;            602075754
                 169;            607996928
                 170;            614857978
                 171;            604653924
                 172;            607626474
                 173;            615002514
                 174;            596794660
                 175;            599387978
                 176;            609339948
                 177;            605330684
                 178;            597279816
                 179;            597126530
                 180;            599956266
                 181;            597416932
                 182;            605361876
                 183;            606053868
                 184;            612008796
                 185;            607863158
                 186;            605961034
                 187;            613502960
                 188;            615126708
                 189;            599643520
                 190;            605783598
                 191;            593357296
                 192;            590033052
                 193;            598527342
                 194;            602530362
                 195;            594974814
                 196;            601054902
                 197;            614968816
                 198;            598945410
                 199;            604934036
                 200;            602561834
                 201;            606829454
                 202;            606507552
                 203;            603970192
                 204;            610743322
                 205;            605914414
                 206;            604844072
                 207;            610285942
                 208;            602579306
                 209;            604529632
                 210;            597300886
                 211;            612250380
                 212;            596423450
                 213;            604060492
                 214;            608949082
                 215;            602496132
                 216;            597957906
                 217;            592895982
                 218;            596083502
                 219;            589754102
                 220;            607542740
                 221;            608334986
                 222;            601422738
                 223;            599726148
                 224;            605088708
                 225;            588559328
                 226;            597683408
                 227;            596076194
                 228;            605453212
                 229;            599606392
                 230;            595346752
                 231;            608595050
                 232;            601836564
                 233;            590291548
                 234;            605269350
                 235;            600530140
                 236;            597243136
                 237;            598764138
                 238;            585840626
                 239;            603200794
                 240;            604010988
                 241;            601074334
                 242;            611533972
                 243;            594190786
                 244;            609362726
                 245;            607848570
                 246;            620559310
                 247;            616536844
                 248;            597879758
                 249;            605707396
                 250;            594791792
                 251;            602601986
                 252;            600961312
                 253;            615091246
                 254;            612478216
                 255;            611194220
                 256;            606955818
                 257;            596509830
                 258;            595729316
                 259;            606411414
                 260;            599234790
                 261;            600157432
                 262;            617972362
                 263;            606868542
                 264;            614398652
                 265;            612056746
                 266;            601254346
                 267;            594078492
                 268;            602226296
                 269;            613213328
                 270;            588290290
                 271;            603772372
                 272;            611562630
                 273;            610742398
                 274;            600604438
                 275;            612162936
                 276;            613503842
                 277;            587701436
                 278;            606702404
                 279;            621496176
                 280;            593429494
                 281;            599961712
                 282;            610530984
                 283;            599072572
                 284;            596526224
                 285;            603815366
                 286;            604329320
                 287;            605908576
                 288;            605465630
                 289;            601296290
                 290;            605858190
                 291;            604650228
                 292;            611464014
                 293;            614605628
                 294;            611206932
                 295;            596611162
                 296;            589557346
                 297;            598228764
                 298;            600089854
                 299;            594698986
                 300;            588761796
                 301;            605922100
                 302;            613479062
                 303;            594493102
                 304;            600991706
                 305;            600526598
                 306;            606254796
                 307;            607538596
                 308;            606964484
                 309;            605192350
                 310;            602422576
                 311;            605552724
                 312;            602242746
                 313;            601843886
                 314;            599746630
                 315;            606418134
                 316;            606283636
                 317;            601507732
                 318;            611982952
                 319;            600808726
                 320;            601295870
                 321;            611119894
                 322;            601234032
                 323;            594258714
                 324;            591033394
                 325;            594513066
                 326;            619231172
                 327;            611683912
                 328;            611499434
                 329;            600377820
                 330;            611390318
                 331;            609418852
                 332;            604786294
                 333;            604865940
                 334;            612122504
                 335;            606682034
                 336;            615154330
                 337;            588776888
                 338;            600639396
                 339;            596858374
                 340;            612851820
                 341;            613611096
                 342;            587341720
                 343;            612140872
                 344;            612588144
                 345;            600623954
                 346;            606694466
                 347;            589590736
                 348;            609316036
                 349;            604630600
                 350;            602374080
                 351;            599876970
                 352;            614322520
                 353;            597669324
                 354;            603407574
                 355;            599598734
                 356;            607081706
                 357;            608601140
                 358;            600647684
                 359;            615595302
