                   0;             30648744
                   1;             25571301
                   2;             25191691
                   3;             33398194
                   4;             27739908
                   5;             27907404
                   6;             24635394
                   7;             24350629
                   8;             22839201
                   9;             22591485
                  10;             20886642
                  11;             20486298
                  12;             20298495
                  13;             20494677
                  14;             19731831
                  15;             21321506
                  16;             19793739
                  17;             23147649
                  18;             19882821
                  19;             21340347
                  20;             22666413
                  21;             21725046
                  22;             21327222
                  23;             23570820
                  24;             20115753
                  25;             20636406
                  26;             26325667
                  27;             20969466
                  28;             24195675
                  29;             26123517
                  30;             21624519
                  31;             21667716
                  32;             24337807
                  33;             23874354
                  34;             22460130
                  35;             19901574
                  36;             20865978
                  37;             20714820
                  38;             22907745
                  39;             28839468
                  40;             31154634
                  41;             30044217
                  42;             21174916
                  43;             22986516
                  44;             21271866
                  45;             20562591
                  46;             20011404
                  47;             21458787
                  48;             20113149
                  49;             21400827
                  50;             21466557
                  51;             20798904
                  52;             20307147
                  53;             31585512
                  54;             22332870
                  55;             21107394
                  56;             25130175
                  57;             24029250
                  58;             21584703
                  59;             31203774
                  60;             27935712
                  61;             24057747
                  62;             25819941
                  63;             26487048
                  64;             25306453
                  65;             28924175
                  66;             24668301
                  67;             25521321
                  68;             28868049
                  69;             27291474
                  70;             28144116
                  71;             27684489
                  72;             24996048
                  73;             24912258
                  74;             25377744
                  75;             24508512
                  76;             30270240
                  77;             31697920
                  78;             31194471
                  79;             24982356
                  80;             29505520
                  81;             34220393
                  82;             24051048
                  83;             23874186
                  84;             30180486
                  85;             33643192
                  86;             29605573
                  87;             28079699
                  88;             21379806
                  89;             20533590
                  90;             21499132
                  91;             23401434
                  92;             22735561
                  93;             19905144
                  94;             19609317
                  95;             23335498
                  96;             26702214
                  97;             26004636
                  98;             23942163
                  99;             20260716
                 100;             21762300
                 101;             23482536
                 102;             22970850
                 103;             20222580
                 104;             23444988
                 105;             22503516
                 106;             20055777
                 107;             20712909
                 108;             20301834
                 109;             30152325
                 110;             23149733
                 111;             21291143
                 112;             20185074
                 113;             23305359
                 114;             28216847
                 115;             35119477
                 116;             33576418
                 117;             24397674
                 118;             26371678
                 119;             34931955
                 120;             30579302
                 121;             23435223
                 122;             20737836
                 123;             22801443
                 124;             20180748
                 125;             21895104
                 126;             20590847
                 127;             20927802
                 128;             22121810
                 129;             24080914
                 130;             34687288
                 131;             22919148
                 132;             20554611
                 133;             35639606
                 134;             24193890
                 135;             20262858
                 136;             20651526
                 137;             31762563
                 138;             26978243
                 139;             20760789
                 140;             20721960
                 141;             20408892
                 142;             21178756
                 143;             28647995
                 144;             29341158
                 145;             19915770
                 146;             22082781
                 147;             22302063
                 148;             19985217
                 149;             20058339
                 150;             20770806
                 151;             21038073
                 152;             21207501
                 153;             32180411
                 154;             29693076
                 155;             28177023
                 156;             22803354
                 157;             21490476
                 158;             29859102
                 159;             19730655
                 160;             27871204
                 161;             21356038
                 162;             25314530
                 163;             20727042
                 164;             19272540
                 165;             20708583
                 166;             23970177
                 167;             20573826
                 168;             21887901
                 169;             24760659
                 170;             20441442
                 171;             19804428
                 172;             20656797
                 173;             22570013
                 174;             21613393
                 175;             20171865
                 176;             21614355
                 177;             19692624
                 178;             21098511
                 179;             21566370
                 180;             21722043
                 181;             22194711
                 182;             20734623
                 183;             21994896
                 184;             22520253
                 185;             20337576
                 186;             23281440
                 187;             25530446
                 188;             22751274
                 189;             31280046
                 190;             23074321
                 191;             22213741
                 192;             23247084
                 193;             30184014
                 194;             21209790
                 195;             21554652
                 196;             21780885
                 197;             20755119
                 198;             20162982
                 199;             19786788
                 200;             30515020
                 201;             20722275
                 202;             21468699
                 203;             21537012
                 204;             22681911
                 205;             22304264
                 206;             22631767
                 207;             21871605
                 208;             22496607
                 209;             20026041
                 210;             21378949
                 211;             22997268
                 212;             20296920
                 213;             20844625
                 214;             20847456
                 215;             27402421
                 216;             26470416
                 217;             20395641
                 218;             23777397
                 219;             21190113
                 220;             20282661
                 221;             23359004
                 222;             19789035
                 223;             21402507
                 224;             21513580
                 225;             23559732
                 226;             21284340
                 227;             23512456
                 228;             20315253
                 229;             23266866
                 230;             19565994
                 231;             19710201
                 232;             20817279
                 233;             21042777
                 234;             31528749
                 235;             21154350
                 236;             21368760
                 237;             21290052
                 238;             20358492
                 239;             23021124
                 240;             22134035
                 241;             20060376
                 242;             20016213
                 243;             24177397
                 244;             20580836
                 245;             20849556
                 246;             21684775
                 247;             26330636
                 248;             19991160
                 249;             20137110
                 250;             19794264
                 251;             22340941
                 252;             20998572
                 253;             23570043
                 254;             19774419
                 255;             22329628
                 256;             24875970
                 257;             21327369
                 258;             20063060
                 259;             21846622
                 260;             22840482
                 261;             29477721
                 262;             29325408
                 263;             20948865
                 264;             20206305
                 265;             20575485
                 266;             23601081
                 267;             20523489
                 268;             20356434
                 269;             21071946
                 270;             24234420
                 271;             20675872
                 272;             21591402
                 273;             20880804
                 274;             21667888
                 275;             21796047
                 276;             24411737
                 277;             24711246
                 278;             21728217
                 279;             20348836
                 280;             23694468
                 281;             22342635
                 282;             23481737
                 283;             23345540
                 284;             20159454
                 285;             21120288
                 286;             20844390
                 287;             20843109
                 288;             21527961
                 289;             21682206
                 290;             20706231
                 291;             20953380
                 292;             21030209
                 293;             20832357
                 294;             24711960
                 295;             21086457
                 296;             21008064
                 297;             20896995
                 298;             22486733
                 299;             21100716
                 300;             23327829
                 301;             20694933
                 302;             30806643
                 303;             28410085
                 304;             28713174
                 305;             22163967
                 306;             20590752
                 307;             21438127
                 308;             21980742
                 309;             26810963
                 310;             32382046
                 311;             26018286
                 312;             29742610
                 313;             29159466
                 314;             27735888
                 315;             29870946
                 316;             32105825
                 317;             27620733
                 318;             22612401
                 319;             21360112
                 320;             24301536
                 321;             22499673
                 322;             19711146
                 323;             21600478
                 324;             24325413
                 325;             19762323
                 326;             25328688
                 327;             24782356
                 328;             24260586
                 329;             20860266
                 330;             22777965
                 331;             21286902
                 332;             24620908
                 333;             20827947
                 334;             21045045
                 335;             20411223
                 336;             21113463
                 337;             20851887
                 338;             20531805
                 339;             20507319
                 340;             20620408
                 341;             20372961
                 342;             20421891
                 343;             19299756
                 344;             21197085
                 345;             23447151
                 346;             19145070
                 347;             20588526
                 348;             23088587
                 349;             24058860
                 350;             20317962
                 351;             20479011
                 352;             19507173
                 353;             20180202
                 354;             19381551
                 355;             20496697
                 356;             21338398
                 357;             20996976
                 358;             21425838
                 359;             20680149
