                   0;            959226969
                   1;           1078259738
                   2;            964541171
                   3;           1005803001
                   4;           1048989144
                   5;            949126397
                   6;           1026915519
                   7;            963055642
                   8;            947124885
                   9;            958130859
                  10;            882836661
                  11;            978532219
                  12;            967200633
                  13;            971520081
                  14;            933927078
                  15;            864552679
                  16;            884644047
                  17;            913211443
                  18;            908630422
                  19;            993710344
                  20;            930478777
                  21;            997794735
                  22;            856545333
                  23;            895893029
                  24;            825830597
                  25;            955603562
                  26;            937696326
                  27;            916018765
                  28;            973414330
                  29;            980856104
                  30;            914322654
                  31;            909951903
                  32;            976777988
                  33;            857763711
                  34;            896824562
                  35;            906342717
                  36;            998135218
                  37;            902739558
                  38;            927227499
                  39;            954119187
                  40;            841038943
                  41;            963848200
                  42;            883688215
                  43;            976420410
                  44;           1122151796
                  45;            866686038
                  46;            876687088
                  47;            924584993
                  48;            957991314
                  49;            986380121
                  50;            899363170
                  51;            982388879
                  52;           1027161586
                  53;            973779286
                  54;           1026523828
                  55;            859001892
                  56;            955655778
                  57;            848708578
                  58;           1016173494
                  59;            849571401
                  60;            881925198
                  61;            891325106
                  62;            885101154
                  63;            911696268
                  64;            896533974
                  65;            927887785
                  66;            943270016
                  67;            933976268
                  68;            927583125
                  69;            962003164
                  70;           1000604325
                  71;            918152456
                  72;            857327807
                  73;            971251043
                  74;           1116322651
                  75;           1035627264
                  76;            899889098
                  77;           1088013003
                  78;           1023338384
                  79;           1020816951
                  80;           1088841500
                  81;            922579502
                  82;           1003074828
                  83;           1034092338
                  84;            988811743
                  85;           1022431175
                  86;           1076179571
                  87;            955940816
                  88;            902267096
                  89;            952634057
                  90;            980126249
                  91;            971645275
                  92;            983601898
                  93;            890594953
                  94;            868367714
                  95;            874888066
                  96;            977266715
                  97;            936647612
                  98;            979139301
                  99;            861471860
                 100;            860289045
                 101;            888453930
                 102;            944575405
                 103;            925037056
                 104;            867083284
                 105;           1019771309
                 106;            926413934
                 107;            897154881
                 108;            921202149
                 109;            932399198
                 110;            885812491
                 111;           1003476421
                 112;            847999786
                 113;            860505188
                 114;            974623090
                 115;            862179185
                 116;            921940908
                 117;            970448892
                 118;            992379587
                 119;            913874775
                 120;            956422729
                 121;            927364599
                 122;            978874012
                 123;            867983273
                 124;            937389730
                 125;           1020503425
                 126;            993415820
                 127;            957483639
                 128;            932938640
                 129;            912269106
                 130;            957061942
                 131;            914541562
                 132;            994501736
                 133;            881400397
                 134;            890278221
                 135;            920376887
                 136;            965818613
                 137;            869788427
                 138;            941361851
                 139;           1020199106
                 140;            865329826
                 141;            940904013
                 142;            879471668
                 143;            896166663
                 144;            936253878
                 145;            885146083
                 146;            889570301
                 147;            891101547
                 148;            883052625
                 149;            902210614
                 150;            889568869
                 151;            868884125
                 152;            907155239
                 153;            922688966
                 154;            885958196
                 155;            942548859
                 156;            901770450
                 157;            854113298
                 158;            878356857
                 159;            855637881
                 160;            913437420
                 161;           1107729218
                 162;            931834124
                 163;            950093371
                 164;            923934585
                 165;            930666013
                 166;            938203739
                 167;            988465744
                 168;            958366811
                 169;            839528844
                 170;            915695361
                 171;            918556145
                 172;           1014738728
                 173;            916290161
                 174;            957792245
                 175;            971706103
                 176;            952055965
                 177;           1017149812
                 178;           1001228277
                 179;           1029200831
                 180;            909106065
                 181;            860794925
                 182;            869095777
                 183;            865332216
                 184;           1054840675
                 185;            878314395
                 186;           1063155191
                 187;           1012552023
                 188;            985386146
                 189;           1134150608
                 190;           1014986568
                 191;            870896303
                 192;           1061329580
                 193;            875477316
                 194;            920136978
                 195;            979097854
                 196;            975148996
                 197;            919841849
                 198;            885270855
                 199;            882241689
                 200;            909519597
                 201;            841313928
                 202;            917052938
                 203;            977127361
                 204;            939683584
                 205;           1011442824
                 206;            941346872
                 207;            881601920
                 208;            967516963
                 209;            897763818
                 210;            941606169
                 211;            906280963
                 212;            620385808
                 213;            656867935
                 214;            469899133
                 215;            435820168
                 216;            540604670
                 217;            705233109
                 218;            996635145
                 219;            988443379
                 220;           1006093767
                 221;            551453284
                 222;            719921269
                 223;           1010523217
                 224;            941165526
                 225;            896760841
                 226;           1008502535
                 227;           1053529638
                 228;            969232374
                 229;            907178899
                 230;            988439935
                 231;            938268017
                 232;           1021594089
                 233;            851307716
                 234;           1017040685
                 235;           1002310491
                 236;           1048092838
                 237;           1001143626
                 238;           1022529354
                 239;            908243241
                 240;           1048816108
                 241;            986163020
                 242;           1145912430
                 243;           1025455778
                 244;            900016257
                 245;           1174899179
                 246;            934132294
                 247;            882684730
                 248;           1006197171
                 249;            978303757
                 250;            925237005
                 251;            942466602
                 252;           1038827206
                 253;           1030920971
                 254;           1044159106
                 255;           1000849731
                 256;           1090956521
                 257;            897942322
                 258;            958809117
                 259;            857336634
                 260;            944216060
                 261;           1022998342
                 262;           1019049427
                 263;            977522385
                 264;           1016587408
                 265;           1093994449
                 266;           1207975891
                 267;           1013801639
                 268;            923379847
                 269;           1136318803
                 270;           1067626077
                 271;           1107062786
                 272;            912759897
                 273;            999561893
                 274;            920928393
                 275;           1037586396
                 276;            940902727
                 277;           1001514360
                 278;            999976572
                 279;           1081096139
                 280;            996817054
                 281;           1065521180
                 282;           1001169666
                 283;            995031251
                 284;            931744821
                 285;           1049046946
                 286;           1000845095
                 287;            948884040
                 288;            959605693
                 289;            953107729
                 290;            843918516
                 291;            999766436
                 292;           1053273487
                 293;            969429613
                 294;            978315314
                 295;           1042925268
                 296;            984721894
                 297;           1015732169
                 298;            945715522
                 299;           1033288312
                 300;           1022445077
                 301;            969926675
                 302;            988974826
                 303;           1019711987
                 304;           1101457965
                 305;           1002360814
                 306;           1033650177
                 307;           1040059398
                 308;           1079299820
                 309;           1026637458
                 310;            985400892
                 311;            909597633
                 312;            975235909
                 313;           1008604758
                 314;            956286478
                 315;            963402535
                 316;            975075616
                 317;           1071181419
                 318;            949915596
                 319;            937700409
                 320;            902431043
                 321;            954513362
                 322;            980205695
                 323;            965395351
                 324;            897532019
                 325;           1060466148
                 326;            993122806
                 327;            900407000
                 328;            980548485
                 329;           1027838740
                 330;           1016970759
                 331;            882084966
                 332;            849699190
                 333;            838033003
                 334;           1024232710
                 335;            907301367
                 336;            950653960
                 337;            892624835
                 338;           1037234120
                 339;           1026455993
                 340;           1040756021
                 341;            964165114
                 342;            933756848
                 343;           1091095793
                 344;            994953309
                 345;            965172390
                 346;            888603943
                 347;            989973138
                 348;           1024201185
                 349;           1052592839
                 350;            949739087
                 351;            876286751
                 352;           1022564730
                 353;           1010485110
                 354;           1019118173
                 355;           1069963549
                 356;            888427438
                 357;            878552220
                 358;            872786225
                 359;            953727044
