                   0;             24201408
                   0;             24225614
                   0;             24228092
                   0;             24314388
                   4;             23923242
                   5;             23976974
                   6;             24129140
                   7;             24301466
                   8;             23890720
                   8;             23917194
                  10;             24037804
                  11;             24199196
                  12;             24186372
                  12;             24245480
                  12;             24195066
                  15;             24430518
                  16;             24505166
                  17;             24556994
                  17;             24581536
                  19;             24708614
                  20;             24401216
                  20;             24437112
                  20;             24416938
                  23;             24547992
                  24;             24520314
                  24;             24587724
                  24;             24609634
                  24;             24533782
                  28;             24688580
                  28;             24735102
                  30;             24804766
                  28;             24720668
                  32;             24680642
                  32;             24724280
                  32;             24711722
                  34;             24837526
                  36;             24617250
                  37;             24727948
                  37;             24761758
                  36;             24626504
                  40;             24517906
                  41;             24620862
                  41;             24631894
                  41;             24631586
                  44;             24641624
                  45;             24712954
                  45;             24722866
                  47;             24892882
                  48;             24438036
                  49;             24610558
                  49;             24648750
                  49;             24724994
                  52;             24221526
                  53;             24519012
                  54;             24622878
                  53;             24522092
                  56;             24305834
                  57;             24561208
                  57;             24567606
                  59;             24837834
                  60;             24249834
                  61;             24453422
                  62;             24556784
                  63;             24711120
                  64;             24333512
                  65;             24433234
                  66;             24576468
                  67;             24745994
                  68;             24427620
                  68;             24439716
                  70;             24622080
                  71;             24849524
                  72;             24418324
                  73;             24520846
                  74;             24600296
                  75;             24757110
                  76;             24395154
                  77;             24613176
                  78;             24642478
                  79;             24876334
                  80;             24359622
                  81;             24560788
                  81;             24565100
                  83;             24828020
                  84;             24424918
                  85;             24651858
                  85;             24672690
                  87;             24817940
                  88;             24311084
                  89;             24553088
                  90;             24598322
                  91;             24743460
                  92;             24248588
                  93;             24520104
                  94;             24551058
                  95;             24709160
                  96;             24312358
                  97;             24570112
                  98;             24655232
                  99;             24760862
                 100;             24136056
                 101;             24434956
                 102;             24500756
                 103;             24674034
                 104;             24125360
                 105;             24436944
                 106;             24513706
                 107;             24703378
                 108;             24237402
                 109;             24592078
                 110;             24631362
                 111;             24784396
                 112;             24221638
                 113;             24568222
                 114;             24636850
                 115;             24761142
                 116;             24179652
                 117;             24477236
                 118;             24567550
                 119;             24690638
                 120;             24265934
                 121;             24500252
                 122;             24692864
                 123;             29107750
                 124;             19926620
                 125;             20170220
                 126;             20311844
                 127;             24695776
                 128;             19947396
                 129;             20199452
                 130;             20302478
                 131;             24655988
                 132;             20017312
                 133;             20304214
                 134;             20358660
                 135;             24611202
                 136;             20185228
                 137;             20479242
                 138;             20509594
                 139;             24631656
                 140;             20263516
                 141;             20452096
                 142;             20566672
                 143;             24660118
                 144;             20325228
                 145;             20496560
                 146;             20568240
                 147;             24651886
                 148;             20243020
                 149;             20412574
                 149;             20502006
                 151;             24559360
                 152;             20343568
                 153;             20677622
                 154;             20737542
                 155;             24578582
                 156;             20442464
                 157;             20741210
                 158;             20795810
                 159;             24680908
                 160;             20726622
                 160;             20769196
                 160;             20744192
                 163;             24572828
                 164;             20927914
                 165;             21167566
                 166;             21290794
                 167;             24581228
                 168;             21117460
                 169;             21288666
                 170;             21418418
                 171;             24763956
                 172;             21137228
                 173;             21245532
                 174;             21373716
                 175;             24731154
                 176;             21095438
                 176;             21132888
                 178;             21254366
                 179;             24565562
                 180;             21170576
                 180;             21174832
                 182;             21316246
                 183;             24591168
                 184;             21315238
                 185;             21373450
                 186;             21496132
                 187;             24725764
                 188;             21285250
                 188;             21304892
                 189;             21435148
                 191;             24594864
                 192;             21580720
                 193;             21637812
                 194;             21750442
                 195;             24620904
                 196;             21708260
                 196;             21782208
                 196;             21718312
                 199;             24622990
                 200;             21784126
                 200;             21806232
                 200;             21811972
                 203;             24720052
                 204;             21895398
                 204;             21915250
                 204;             21918148
                 207;             24600562
                 208;             21842002
                 209;             22099448
                 209;             22114834
                 211;             24586562
                 212;             21722946
                 213;             22071574
                 214;             22183378
                 215;             24696378
                 216;             21549948
                 217;             21940996
                 218;             22182258
                 219;             24689308
                 220;             21454930
                 221;             21970998
                 222;             22282176
                 223;             24650402
                 224;             21319480
                 225;             21896364
                 226;             22287468
                 227;             24610544
                 228;             21260568
                 229;             21850346
                 230;             22327704
                 231;             24718120
                 232;             21126028
                 233;             21757008
                 234;             22440124
                 235;             24672914
                 236;             21069636
                 237;             21747362
                 238;             22446228
                 239;             24611216
                 240;             21070392
                 241;             22504958
                 242;             24121216
                 243;             24629948
                 244;             21007588
                 245;             22569274
                 246;             24264086
                 247;             24739764
                 248;             20859748
                 249;             22559908
                 250;             24147130
                 251;             24674384
                 252;             20794704
                 253;             22619324
                 254;             24390184
                 255;             24617306
                 256;             20747818
                 257;             22709904
                 258;             24599386
                 259;             24739484
                 260;             20661116
                 261;             22736252
                 262;             24558660
                 263;             24716132
                 264;             20484912
                 265;             22691592
                 266;             24442194
                 267;             24648680
                 268;             20554632
                 269;             22695582
                 270;             24463936
                 271;             24671304
                 272;             20492080
                 273;             22639610
                 274;             24468318
                 275;             24754394
                 276;             20286042
                 277;             22605422
                 278;             24279010
                 279;             24611034
                 280;             20287540
                 281;             22666224
                 282;             24311546
                 283;             24663520
                 284;             20289640
                 285;             22707454
                 286;             24616396
                 287;             24725960
                 288;             20138300
                 289;             22623412
                 290;             24569020
                 291;             24736194
                 292;             19976712
                 293;             22696268
                 294;             24488716
                 295;             24703014
                 296;             19959310
                 297;             22592346
                 298;             24316110
                 299;             24608794
                 300;             19727792
                 301;             22365728
                 302;             24159702
                 303;             24723076
                 304;             19614910
                 305;             22380288
                 306;             24174080
                 307;             24613428
                 308;             19598124
                 309;             22399524
                 310;             24130302
                 311;             24544604
                 312;             19669706
                 313;             22429596
                 314;             24159898
                 315;             24577476
                 316;             19686996
                 317;             22519700
                 318;             24320142
                 319;             24738336
                 320;             19627720
                 321;             22442392
                 322;             24147242
                 323;             24565534
                 324;             19670770
                 325;             22510726
                 326;             24153682
                 327;             24630242
                 328;             19680388
                 329;             22546020
                 330;             24108434
                 331;             24663240
                 332;             19620832
                 333;             22501948
                 334;             24488212
                 335;             24647588
                 336;             19565098
                 337;             22523410
                 338;             24436356
                 339;             24602270
                 340;             19442668
                 341;             22457386
                 342;             24421908
                 343;             24571386
                 344;             19547920
                 345;             22555764
                 346;             24571806
                 347;             24700284
                 348;             19485354
                 349;             22555988
                 350;             24538136
                 351;             24661532
                 352;             19377918
                 353;             22681820
                 354;             24525074
                 355;             24676246
                 356;             19202820
                 357;             22594348
                 358;             24464202
                 359;             24589950
                 360;             19235384
                 361;             24527874
                 362;             24689098
                 363;             36098580
                 364;             10262980
                 365;             13048154
                 366;             13120100
                 367;             24489318
                 368;             12799766
                 369;             13151614
                 369;             13152104
                 371;             24406662
                 372;             13430550
                 373;             13512660
                 374;             15430100
                 375;             24542616
                 376;             13564082
                 377;             13660878
                 378;             17986962
                 379;             24596544
                 380;             13463338
                 381;             13604654
                 382;             20334650
                 383;             24453310
                 384;             13571530
                 385;             13696648
                 386;             23978234
                 387;             24530996
                 388;             11893084
                 389;             12052642
                 390;             22792056
                 391;             24520048
                 392;              9511880
                 393;              9650326
                 394;             20413540
                 395;             24486700
                 396;              7096180
                 397;              7200900
                 398;             17930710
                 399;             24392480
                 400;              4553668
                 401;              4757760
                 402;             15468754
                 403;             24314556
                 404;              2350726
                 405;              2561034
                 406;             13319922
                 407;               189322
                 408;             13587378
                 409;               208292
                 410;             10996104
                 411;              2483810
                 412;             13498926
                 413;             13786248
                 414;              8633226
                 415;              4798668
                 416;             13498310
                 417;             13825420
                 418;              6383146
                 419;              7099246
                 420;             13575982
                 421;             13909434
                 422;              3974572
                 423;              9303546
                 424;             13697194
                 425;             14050176
                 426;              1537172
                 427;              1190238
                 428;             13728456
                 429;             14056070
                 430;             24442964
                 431;              3648386
                 432;             13798750
                 433;             14209188
                 434;             24437112
                 435;              6114416
                 436;             13980694
                 437;             14352338
                 438;             24605686
                 439;              8629404
                 440;             13916644
                 441;             14299866
                 442;             24386404
                 443;             11168248
                 444;             13995842
                 445;             14449722
                 446;             24386656
                 447;             13751388
                 448;             14550256
                 449;             14707658
                 450;             24454654
                 451;             14929432
                 452;             14996702
                 453;             16251508
                 454;             24582166
                 455;             14951594
                 456;             14991662
                 457;             18656484
                 458;             24466624
                 459;             15040242
                 460;             15086610
                 461;             18806368
                 462;             24486658
                 463;             15178240
                 464;             15237348
                 465;             18771550
                 466;             24414068
                 467;             15331190
                 467;             15362116
                 469;             18927356
                 470;             24516744
                 471;             15343790
                 472;             15399412
                 473;             18969132
                 474;             24538598
                 475;             15341718
                 476;             15467018
                 477;             18894274
                 478;             24419206
                 479;             15527092
                 480;             15713124
                 481;             18947208
                 482;             24426976
                 483;             14717780
                 484;             20894202
                 485;             23749852
                 486;             24662428
                 487;             14884730
                 488;             23206260
                 489;             23657970
                 490;             24513776
                 491;             13814682
                 492;             22582686
                 493;             23401924
                 494;             24460828
                 495;             11385780
                 496;             20277936
                 497;             21102998
                 498;             24445974
                 499;              8939672
                 500;             17977456
                 501;             18755044
                 502;             24424680
                 503;              6561786
                 504;             15618316
                 505;             16348710
                 506;             24289076
                 507;              4238024
                 508;             13322806
                 509;             14032032
                 510;             24318000
                 511;              1913786
                 512;             11054750
                 513;             11797842
                 514;               841148
                 515;             14540708
                 516;              8752212
                 517;              9383458
                 518;              3247552
                 519;             14590450
                 520;              6399036
                 521;              7012264
                 522;              5883038
                 523;             14621530
                 524;              3957996
                 525;              4408740
                 526;              8421154
                 527;             14568722
                 528;              1446984
                 529;              1977206
                 530;               909874
                 531;             14537628
                 532;             24154354
                 533;             24617908
                 534;              3300122
                 535;             14432922
                 536;             24057614
                 537;             24498558
                 538;              5860008
                 539;             14854224
                 540;             24130526
                 541;             24537926
                 542;              8366134
                 543;             14804398
                 544;             24151092
                 545;             24640168
                 546;             10869544
                 547;             14753214
                 548;             24049550
                 549;             24492146
                 550;             13104126
                 551;             14639492
                 552;             24022040
                 553;             24527160
                 554;             14691908
                 555;             15452122
                 556;             24006892
                 557;             24545724
                 558;             14627088
                 559;             17623592
                 560;             24138618
                 561;             24592134
                 562;             14256802
                 563;             20213844
                 564;             24375190
                 565;             24452456
                 566;             14303534
                 567;             22757980
                 568;             24544436
                 569;             24580948
                 570;             13735260
                 571;             23957220
                 572;             23997904
                 573;             24518550
                 574;             11304846
                 575;             21699552
                 575;             21726320
                 577;             24438904
                 578;              8870442
                 579;             19383896
                 580;             19432056
                 581;             24355100
                 582;              6517854
                 583;             17137652
                 583;             17171364
                 585;             24365208
                 586;              4221448
                 587;             15014818
                 587;             15012564
                 589;             24301900
                 590;              1835330
                 591;             12817602
                 592;             12883080
                 593;               887866
                 594;             13378134
                 595;             10520776
                 596;             10623494
                 597;              3256540
                 598;             13261710
                 599;              8288840
                 600;              8449210
                 601;              5464760
                 602;              4298280
                 603;              6364316
                 603;              6376328
                 605;             24163664
                 606;              2532544
                 607;              4280052
                 608;              4339706
                 609;             24053848
                 610;               479934
                 611;              2169958
                 612;              2244914
                 613;               264334
                 614;             22713782
                 615;                46466
                 616;               177058
                 617;              2388834
                 618;             22698186
                 619;             24472798
                 620;             24581816
                 621;              4425358
                 622;             22736714
                 623;             24449236
                 624;             24563840
                 625;              6559798
                 626;             23062508
                 627;             24397380
                 628;             24530296
                 629;              8746304
                 630;             23112502
                 631;             24386516
                 632;             24551422
                 633;             10884202
                 634;             23060030
                 635;             24484474
                 636;             24591812
                 637;             13077932
                 638;             23065196
                 639;             24397086
                 640;             24560634
                 641;             15314488
                 642;             23026220
                 643;             24317958
                 644;             24518746
                 645;             17543386
                 646;             23043300
                 647;             24401874
                 648;             24497172
                 649;             19859434
                 650;             23073428
                 651;             24507238
                 652;             24618818
                 653;             22121036
                 654;             23067338
                 655;             24448830
                 656;             24556042
                 657;             23034116
                 658;             24304756
                 659;             24390464
                 660;             24505950
                 661;             21038542
                 662;             22363236
                 663;             22583932
                 664;             24508512
                 665;             18866610
                 666;             20116432
                 667;             20358758
                 668;             24382050
                 669;             16679670
                 670;             17902458
                 671;             18078606
                 672;             24332322
                 673;             14754572
                 674;             15688806
                 675;             15963430
                 676;             24394286
                 677;             12500726
                 678;             13390888
                 679;             13763540
                 680;             24221932
                 681;             10452190
                 682;             11294038
                 683;             11619636
                 684;             24238690
                 685;              8375332
                 686;              9073904
                 687;              9397528
                 688;             24238270
                 689;              6196890
                 690;              6856640
                 691;              7157472
                 692;             24069262
                 693;              4174534
                 694;              4799732
                 695;              5177284
                 696;             24065300
                 697;              2215402
                 698;              2801666
                 699;              3101014
                 700;               397236
                 701;               127400
                 702;               658560
                 703;              1069936
                 704;              1430422
                 705;             23617132
                 706;             24112536
                 707;             24507476
                 708;              3595368
                 709;             23625742
                 710;             24107538
                 711;             24572366
                 712;              5735240
                 713;             23793476
                 714;             24244388
                 715;             24637802
                 716;              7789726
                 717;             23694566
                 718;             24105886
                 719;             24519796
                 720;              9972522
                 721;             23753324
                 722;             24091466
                 723;             24558044
                 724;             12087782
                 725;             23760352
                 726;             24104570
                 727;             24614814
                 728;             14297472
                 729;             23854684
                 730;             24138660
                 731;             24608122
                 732;             16463300
                 733;             23770600
                 734;             24040660
                 735;             24535224
                 736;             18721164
                 737;             23854754
                 738;             24115770
                 739;             32748254
                 740;             12818358
                 741;             15681554
                 742;             15982484
                 743;             24423014
                 744;             15314656
                 745;             15893654
                 746;             16115050
                 747;             24454836
                 748;             16152486
                 749;             16289826
                 750;             24322424
                 751;             24671976
                 752;             17208926
                 753;             17413494
                 754;              2816520
                 755;              7874664
                 756;             17237584
                 757;             17377066
                 758;             25889416
                 759;             16420768
                 760;             16559914
                 761;             21709842
                 762;             24660678
                 763;              1144724
                 764;              1402100
                 765;              9235268
                 766;              1270234
                 767;             16445618
                 768;             16797690
                 769;              4776254
                 770;              5606468
                 771;             16627912
                 772;             16896978
                 773;               238700
                 774;              2445254
                 775;             16690170
                 776;             16872072
                 777;             24587262
                 778;              6971524
                 779;             16798236
                 780;             16847250
                 781;             24577126
                 782;             11430440
                 783;             16944032
                 783;             16971934
                 785;             24530422
                 786;             16001174
                 787;             17036894
                 787;             17055402
                 789;             24480064
                 790;             17140970
                 790;             17171168
                 792;             20540772
                 793;             24545920
                 794;             16861012
                 795;             16928044
                 796;             24309306
                 797;             24700172
                 798;             12392898
                 798;             12405050
                 800;             19665646
                 801;             24536442
                 802;              7975688
                 803;              8089172
                 804;             15156344
                 805;             24432772
                 806;              3481548
                 806;              3520188
                 808;             10520160
                 809;             24274558
                 810;             17520300
                 810;             17535896
                 812;              6065668
                 813;              3485132
                 814;             17760064
                 815;             18009908
                 816;              1655948
                 817;              1132096
                 818;             17294732
                 819;             18092186
                 820;             24495562
                 821;              5775924
                 822;             16809520
                 823;             18116042
                 824;             24444448
                 825;             10343956
                 826;             16344972
                 827;             18289964
                 828;             24558744
                 829;             14883792
                 830;             15778560
                 831;             18406962
                 832;             24526348
                 833;             15389570
                 834;             18464516
                 835;             19401536
                 836;             24460464
                 837;             14946358
                 838;             18576306
                 839;             24012114
                 840;             24471524
                 841;             10608402
                 842;             14936348
                 843;             20812526
                 844;             24522008
                 845;              5654278
                 846;             10541426
                 847;             16337916
                 848;             24418394
                 849;               588896
                 850;              6049484
                 851;             11760140
                 852;              2078804
                 853;             12914846
                 854;              7344904
                 855;              9669688
                 856;              7112658
                 857;             10049718
                 858;              2922864
                 859;              5215210
                 860;             12190444
                 861;              9514792
                 862;             22193528
                 863;               732438
                 864;              2140194
                 865;              8965922
                 866;             22197308
                 867;             24685990
                 868;              6553400
                 869;              8267644
                 870;             21964208
                 871;             24457454
                 872;              7810922
                 873;             11143202
                 874;             22096256
                 875;             24523212
                 876;              7229334
                 877;             15691130
                 878;             22081528
                 879;             24553760
                 880;              6583066
                 881;             20262340
                 882;             22007202
                 883;             24615696
                 884;              5702788
                 885;             21632996
                 886;             24257744
                 887;             24504452
                 888;               505330
                 889;             17154620
                 890;             19695648
                 891;              2510018
                 892;              4719470
                 893;             12490492
                 894;             14986832
                 895;              7729064
                 896;              4154010
                 897;              7928970
                 898;             10538850
                 899;             12948950
                 900;              3356430
                 901;              3098606
                 902;              5721744
                 903;             18269958
                 904;              2797942
                 905;             21931798
                 906;                20930
                 907;              1733956
                 908;              2375408
                 909;             21964376
                 910;               811818
                 911;              1678446
                 912;              6125644
                 913;             21749854
                 914;              1350930
                 915;               990584
                 916;             10708628
                 917;             21658420
                 918;              1950242
                 919;               393638
                 920;             15275596
                 921;             21758548
                 922;              2535680
                 923;              2495430
                 924;             19904472
                 925;               459256
                 926;              3292660
                 927;              1863638
                 928;              1080422
                 929;              3801280
                 930;              3993654
                 931;              1252734
                 932;              1758596
                 933;              4590180
                 934;              8958628
                 935;               558754
                 936;              2476166
                 937;              5217604
                 938;             14128408
                 939;             24020136
                 940;              3034388
                 941;              5829110
                 942;             19226060
                 943;             24032694
                 944;              3491838
                 945;              6279014
                 946;             23965900
                 947;             24217228
                 948;              4171832
                 949;              1834868
                 950;             19026980
                 951;               854910
                 952;              4665136
                 953;              7412468
                 954;             14007364
                 955;              5367936
                 956;              5189604
                 957;              8052828
                 958;              8970990
                 959;              9816128
                 960;              5754252
                 961;              8700650
                 962;              3867808
                 963;             14290038
                 964;              6408878
                 965;              9316510
                 966;             23985206
                 967;              4132128
                 968;              6985748
                 969;              9850834
                 970;             23936556
                 971;              7553518
                 972;              9296084
                 973;             10584084
                 974;             23959600
                 975;              8196846
                 976;             11225494
                 977;             14418936
                 978;             23997372
                 979;              8827196
                 980;             11763276
                 981;             19418378
                 982;             24018834
                 983;              9404570
                 984;             12318334
                 985;             24039316
                 986;             24469914
                 987;              1954414
                 988;              4996446
                 989;             21450702
                 990;               399952
                 991;               362530
                 992;              3486112
                 993;             21876120
                 994;              2559690
                 995;              3103380
                 996;              6153252
                 997;             16807658
                 998;              3950198
                 999;              3677856
                1000;              6712958
                1001;             11587534
                1002;              8555400
                1003;              4316550
                1004;              7372764
                1005;              6527052
                1006;             13043940
                1007;              4824456
                1008;              7932904
                1009;              1270640
                1010;              1645434
                1011;              5470696
                1012;              8523046
                1013;             23909018
                1014;              6228054
                1015;              6799296
                1016;              9222570
                1017;             23889096
                1018;              6859538
                1019;             10130148
                1020;             11946102
                1021;             23969610
                1022;              7446698
                1023;             10800902
                1024;             17041500
                1025;             23950458
                1026;              8214752
                1027;             11530400
                1028;             22134084
                1029;             24007172
                1030;              6006294
                1031;              9316076
                1032;             21349958
                1033;             24385914
                1034;              1511608
                1035;              4983496
                1036;             16352616
                1037;              1255926
                1038;              9679040
                1039;               476882
                1040;             11283174
                1041;              2261196
                1042;             10245074
                1043;             13758528
                1044;              6322078
                1045;              6719482
                1046;             10746358
                1047;             14399168
                1048;              1257788
                1049;              1456994
                1050;             11103848
                1051;             14934542
                1052;             23968798
                1053;              6491674
                1054;             11657352
                1055;             15513862
                1056;             24086314
                1057;             11508224
                1058;             12231142
                1059;             16093602
                1060;             24129532
                1061;             12642154
                1062;             16530150
                1063;             16673636
                1064;             23994362
                1065;             13190688
                1066;             17265402
                1067;             21499786
                1068;             24053036
                1069;             11751502
                1070;             15887242
                1071;             22148658
                1072;             24515526
                1073;              7364308
                1074;             11510254
                1075;             17194072
                1076;             24477726
                1077;              2881088
                1078;              7124838
                1079;             12304880
                1080;             24418590
                1081;             15148560
                1082;              2707740
                1083;              7393092
                1084;              4302564
                1085;             15578808
                1086;             19937176
                1087;              2537584
                1088;                92792
                1089;             15997772
                1090;             20338584
                1091;             24012814
                1092;              5095538
                1093;             16549834
                1094;             21008932
                1095;             24062290
                1096;              9987656
                1097;             17010280
                1098;             21539854
                1099;             24070788
                1100;             14907270
                1101;             17464664
                1102;             22175160
                1103;             24141306
                1104;             17963666
                1105;             19817826
                1106;             22630034
                1107;             24189718
                1108;             21541100
                1109;             22932322
                1110;             24512558
                1111;             25498690
                1112;             18271764
                1113;             20980764
                1114;             23795828
                1115;             24037692
                1116;             14468832
                1117;             17204866
                1118;             22491896
                1119;             24506552
                1120;             10033058
                1121;             12594792
                1122;             20062882
                1123;             24463124
                1124;              5493894
                1125;              7971992
                1126;             17669708
                1127;             24385494
                1128;               862596
                1129;              3418100
                1130;             15248016
                1131;              1968834
                1132;              7451794
                1133;             10081372
                1134;             12820206
                1135;              3914204
                1136;              5426736
                1137;              7819224
                1138;             10529162
                1139;              8559726
                1140;              3285016
                1141;              5632634
                1142;              8121526
                1143;             13278006
                1144;              1195474
                1145;              3533432
                1146;              1071252
                1147;             17782926
                1148;             22823794
                1149;              1431822
                1150;               816760
                1151;             22323644
                1152;             22866270
                1153;             24538486
                1154;               589008
                1155;             20603912
                1156;             22195908
                1157;             24607114
                1158;              5037074
                1159;             16047136
                1160;             17667328
                1161;              2175530
                1162;              7287630
                1163;             11649274
                1164;             13113156
                1165;              4611558
                1166;              9826418
                1167;              7300426
                1168;             12599342
                1169;              6801984
                1170;              8112398
                1171;               949074
                1172;              6708310
                1173;              2668246
                1174;             10684520
                1175;            145225346
                1176;            162685544
                1177;              3933370
                1178;              2615298
                1179;              9976386
                1180;             14181524
                1181;              1926344
                1182;               682892
                1183;              5960164
                1184;              6278034
                1185;             17682252
                1186;             25053784
                1187;              1258852
                1188;             13411090
                1189;              1897322
                1190;              6839196
                1191;             13387556
                1192;             26263132
                1193;              8207612
                1194;              8842176
                1195;             21296604
                1196;             24573220
                1197;             12806024
                1198;             13705174
                1199;              3138772
                1200;              2458190
                1201;             11640090
                1202;             25959570
                1203;              4014724
                1204;             10303636
                1205;             12367474
                1206;             25342632
                1207;              6188672
                1208;              9711506
                1209;             14600278
                1210;              4121894
                1211;              7707210
                1212;              4780412
                1213;             10186568
                1214;              6740132
                1215;              9591708
                1216;             18548684
                1217;              5455856
                1218;              3049102
                1219;             11686416
                1220;             18053140
                1221;               789656
                1222;              2141930
                1223;             17686718
                1224;             20838958
                1225;             24586338
                1226;              7806652
                1227;               415954
                1228;              7452032
                1229;              1617154
                1230;             12040602
                1231;             16826404
                1232;              5373998
                1233;              4074616
                1234;             16499294
                1235;             16750272
                1236;              3318350
                1237;              1662878
                1238;             16037882
                1239;             21364056
                1240;              1421084
                1241;               944398
                1242;             13919920
                1243;             22701462
                1244;               695492
                1245;              3405052
                1246;              9095436
                1247;             18333224
                1248;              3314122
                1249;              5685162
                1250;              3912090
                1251;             13413120
                1252;              5780586
                1253;              7735196
                1254;             14607698
                1255;              8777160
                1256;              4223394
                1257;              9736958
                1258;             14131572
                1259;              3912076
                1260;              9260804
                1261;             12534088
                1262;             14298942
                1263;              1577800
                1264;              1035678
                1265;             11282474
                1266;             12149004
                1267;             25889850
                1268;              5002074
                1269;             10119830
                1270;             13546372
                1271;             25121782
                1272;              9878470
                1273;             11588220
                1274;             15901508
                1275;             25826010
                1276;              3788792
                1277;             12160400
                1278;             19232836
                1279;             24488506
                1280;              9493624
                1281;             20781698
                1282;             25544414
                1283;              6091078
                1284;              9893380
                1285;              7046004
                1286;             11280262
                1287;              5517778
                1288;             21461972
                1289;             25717832
                1290;              9748326
                1291;             17709790
                1292;             26146834
                1293;              5979666
                1294;              9575580
                1295;             11488764
                1296;              7219338
                1297;              9055648
                1298;             24597244
                1299;             25861444
                1300;              8673784
                1301;             12795216
                1302;              3089618
                1303;              9082374
                1304;              8371006
                1305;             15200080
                1306;             25533802
                1307;              7893298
                1308;             17150952
                1309;             20003746
                1310;             24224424
                1311;              8829436
                1312;              2574600
                1313;              7260064
                1314;             12992084
                1315;              8526000
                1316;             23384592
                1317;             25558876
                1318;              5741666
                1319;              7231126
                1320;             25192958
                1321;             25245500
                1322;              4685786
                1323;             11868248
                1324;             22436512
                1325;             24519950
                1326;              2186674
                1327;             19726826
                1328;             20739684
                1329;               574322
                1330;              2978038
                1331;             16583644
                1332;             20245274
                1333;              2988118
                1334;               974358
                1335;             18966136
                1336;              1751484
                1337;              5723844
                1338;              6727882
                1339;             15803760
                1340;             10440500
                1341;              6920844
                1342;              8339940
                1343;             25855102
                1344;              6231288
                1345;              9747122
                1346;             14198030
                1347;             24282482
                1348;              6165880
                1349;             12198564
                1350;             16482718
                1351;             23974692
                1352;              6327916
                1353;             15080072
                1354;             19316276
                1355;             24063088
                1356;              6380920
                1357;             17681006
                1358;             22201578
                1359;             24159408
                1360;              5584922
                1361;             19299728
                1362;             23317490
                1363;             24089562
                1364;              2778496
                1365;             19129908
                1366;             20925520
                1367;              7361760
                1368;             10403708
                1369;              5447176
                1370;              4060672
                1371;              8796242
                1372;             12105870
                1373;              3306338
                1374;              3813138
                1375;              8417808
                1376;             14698544
                1377;              1056874
                1378;              4504164
                1379;              1489446
                1380;             17331118
                1381;              1987006
                1382;               523054
                1383;              4486216
                1384;             20266834
                1385;             24214470
                1386;               324758
                1387;              4254530
                1388;             21227164
                1389;             23955890
                1390;               533596
                1391;              4235154
                1392;             19216344
                1393;             24514546
                1394;              3602186
                1395;              8162098
                1396;             16078510
                1397;             24105494
                1398;              3425912
                1399;              8273062
                1400;             13857424
                1401;             24788890
                1402;              7837466
                1403;              8769474
                1404;             10440808
                1405;             24042970
                1406;             20293658
                1407;             21220360
                1408;              3212132
                1409;               667226
                1410;              2881522
                1411;             23760828
                1412;             24592316
                1413;              2219910
                1414;             23992192
                1415;              9870728
                1416;             23773722
                1417;              9969960
                1418;             23599226
                1419;             23727452
                1420;             23905546
                1421;             23921954
                1422;             23946860
                1423;             31553732
                1424;             23835546
                1425;             23601228
                1426;             23597798
                1427;             23609404
                1428;             23869062
                1429;             24025848
                1430;             29186262
                1431;             23588278
                1432;             23482200
                1433;             23576602
                1434;             23566326
                1435;             23593668
                1436;             33771332
                1437;             23905000
                1438;             23736300
                1439;             23648254
