                   0;            102238584
                   1;             99990408
                   2;             99478701
                   3;            114227547
                   4;            108715887
                   5;            103013127
                   6;            102982383
                   7;            103284888
                   8;            105256599
                   9;            103681998
                  10;            103899768
                  11;            103712847
                  12;            109770213
                  13;            100071804
                  14;            115289643
                  15;             98975373
                  16;            100114308
                  17;            100186926
                  18;            109030362
                  19;            106949682
                  20;             99489054
                  21;            105098028
                  22;            109625964
                  23;            112436142
                  24;             99808107
                  25;            101693130
                  26;            104640774
                  27;            111865866
                  28;            109843440
                  29;            111512520
                  30;             99613773
                  31;             99452955
                  32;             99589980
                  33;            100700817
                  34;             99625680
                  35;             99713250
                  36;             99435483
                  37;             99809976
                  38;            101014788
                  39;             99466269
                  40;            100611357
                  41;             99227877
                  42;             99717891
                  43;             99302952
                  44;            100662072
                  45;             99511188
                  46;             98910273
                  47;             99471309
                  48;             99683283
                  49;             97925394
                  50;             99026382
                  51;             99668520
                  52;             99449868
                  53;             99362466
                  54;            107566641
                  55;            106473045
                  56;             99962394
                  57;             99318555
                  58;             99120546
                  59;            100244613
                  60;            103495266
                  61;            102276993
                  62;            112094472
                  63;            106647828
                  64;            103634496
                  65;            101252172
                  66;            102116910
                  67;            105985887
                  68;            102875493
                  69;            103301856
                  70;            105007518
                  71;            105124341
                  72;            100799013
                  73;            102176886
                  74;            100434831
                  75;            102725931
                  76;            102484368
                  77;            102046665
                  78;            107311617
                  79;            101543064
                  80;            101752938
                  81;            103865790
                  82;            100799328
                  83;            101951913
                  84;             99347115
                  85;            102351333
                  86;            101748990
                  87;             98745276
                  88;             99909012
                  89;            100970373
                  90;            103595835
                  91;            101323467
                  92;            100060485
                  93;            102187743
                  94;            100170021
                  95;            101679018
                  96;            100245390
                  97;             99701112
                  98;            101216073
                  99;            101619378
                 100;            101009874
                 101;            100074786
                 102;             99841707
                 103;            100085244
                 104;             99578997
                 105;             99674652
                 106;            101052231
                 107;             99699285
                 108;            101113824
                 109;            100704975
                 110;            108882648
                 111;            102978792
                 112;            100592163
                 113;            107400909
                 114;            100136253
                 115;            118495755
                 116;            104857158
                 117;            104305887
                 118;             99683304
                 119;             99761277
                 120;            114075633
                 121;            112048146
                 122;            111949551
                 123;             99926736
                 124;            108559122
                 125;            104858481
                 126;             99687483
                 127;            101539767
                 128;            100004352
                 129;            101887338
                 130;            101565093
                 131;            100041333
                 132;            101983833
                 133;            117388404
                 134;            108543120
                 135;            103799850
                 136;            116657310
                 137;            117542292
                 138;            119109249
                 139;            113322951
                 140;            109499418
                 141;            112235865
                 142;            108416658
                 143;            114732597
                 144;            111802593
                 145;            104458284
                 146;            103956216
                 147;            114134874
                 148;            101751699
                 149;             99640947
                 150;            141861279
                 151;             99167943
                 152;             99083649
                 153;             99330063
                 154;            100327605
                 155;            115693053
                 156;            103195281
                 157;            106245279
                 158;            108612903
                 159;            112672245
                 160;            100868838
                 161;            101781162
                 162;            115048983
                 163;            107275203
                 164;            111934557
                 165;            107922276
                 166;            116924598
                 167;            113103375
                 168;            101702475
                 169;            119407974
                 170;            111009969
                 171;            114551640
                 172;            111559854
                 173;            111517497
                 174;             98027391
                 175;            118319481
                 176;            115064943
                 177;            114669891
                 178;            117200958
                 179;            107130282
                 180;            114856119
                 181;            103553793
                 182;            105744240
                 183;            150941049
                 184;            157390380
                 185;            139610100
                 186;            145253598
                 187;            142084488
                 188;            121625910
                 189;            119289681
                 190;            119276157
                 191;            118111518
                 192;            113945958
                 193;            119692881
                 194;            115925607
                 195;            107075871
                 196;            101201457
                 197;            117179727
                 198;            103608435
                 199;            126806169
                 200;            107576511
                 201;            124400745
                 202;            105798126
                 203;            101951262
                 204;            116908869
                 205;            107826138
                 206;             99228675
                 207;            110726196
                 208;            162963801
                 209;             99505728
                 210;            115825836
                 211;            101456859
                 212;            128883174
                 213;            147831411
                 214;            117874974
                 215;            118213830
                 216;            104496378
                 217;            105012411
                 218;            117850656
                 219;            107991219
                 220;            101815896
                 221;            120804054
                 222;            104300196
                 223;            105703668
                 224;            139561674
                 225;            109993968
                 226;            118361901
                 227;             99083901
                 228;            101305827
                 229;            103822761
                 230;            111059298
                 231;            100354779
                 232;            100806720
                 233;             99204168
                 234;            104783322
                 235;            100773141
                 236;            108787644
                 237;            101101056
                 238;             99672384
                 239;            104463954
                 240;            102021948
                 241;            102503772
                 242;             99725220
                 243;             99056097
                 244;            100870413
                 245;            111172110
                 246;            115065888
                 247;            112947366
                 248;             99338883
                 249;            109862634
                 250;             99574461
                 251;             99805713
                 252;            102033771
                 253;             99506841
                 254;             99755628
                 255;            100153473
                 256;             99165444
                 257;            102417084
                 258;            110797008
                 259;            101424792
                 260;            102642162
                 261;            106804026
                 262;            122016132
                 263;            101010945
                 264;            102161388
                 265;            112448574
                 266;            105824481
                 267;            115529862
                 268;            103535628
                 269;            100339008
                 270;            103300239
                 271;            100065735
                 272;            100455285
                 273;             99801471
                 274;            100275294
                 275;            108969336
                 276;            105367521
                 277;            104314182
                 278;            101792586
                 279;             99840720
                 280;            104415717
                 281;            128739807
                 282;            102311937
                 283;            103681746
                 284;            100190265
                 285;            133630413
                 286;            100016574
                 287;            100871022
                 288;             99209229
                 289;            147924525
                 290;             99035895
                 291;            100793637
                 292;             99910818
                 293;             99995805
                 294;             99739878
                 295;            103379598
                 296;            100370739
                 297;            107713641
                 298;            103479852
                 299;             99554847
                 300;             99704178
                 301;            102255174
                 302;            110181498
                 303;            104292678
                 304;            107852682
                 305;            111286182
                 306;            102981564
                 307;            124474182
                 308;            134326731
                 309;            102315192
                 310;            112939785
                 311;            105675129
                 312;            116726379
                 313;            114825564
                 314;            105267792
                 315;            106636383
                 316;            106524138
                 317;            114024120
                 318;            139840113
                 319;            126956571
                 320;            150499755
                 321;            113543787
                 322;            116889276
                 323;            113483370
                 324;            119723079
                 325;            115869474
                 326;            113725773
                 327;            120113532
                 328;            111477114
                 329;            134902656
                 330;            122887443
                 331;            106396563
                 332;            107602425
                 333;            118171830
                 334;            109927272
                 335;            124874190
                 336;            106879122
                 337;            114215514
                 338;            101355156
                 339;            109874037
                 340;            112635663
                 341;            113271711
                 342;            116505480
                 343;            100393440
                 344;            103019637
                 345;             99803739
                 346;            114573249
                 347;            102067056
                 348;            106350846
                 349;            105657909
                 350;            101169558
                 351;             99896055
                 352;            100174053
                 353;            109676007
                 354;            111839742
                 355;            115049697
                 356;            100422273
                 357;            109613364
                 358;            113150163
                 359;            168648606
