                   0;              2461998
                   1;              2647638
                   2;              7727769
                   3;              9038043
                   4;             15697878
                   5;              1046115
                   6;              3061065
                   7;              3149790
                   8;             10786608
                   9;             10980585
                  10;              2844324
                  11;               399231
                  12;              1740417
                  13;              2063019
                  14;               173166
                  15;               362124
                  16;              2761101
                  17;               662025
                  18;              7229124
                  19;              8693055
                  20;             11324754
                  21;             12824490
                  22;              4386837
                  23;              4510191
                  24;              5049051
                  25;              8084370
                  26;              9268077
                  27;              9574173
                  28;             10001208
                  29;             14594202
                  30;              3841257
                  31;              2881242
                  32;              3820635
                  33;              5700744
                  34;              5723655
                  35;              3155523
                  36;              4720296
                  37;              5177361
                  38;              6375159
                  39;              3497550
                  40;               750372
                  41;               206913
                  42;               355152
                  43;              1307481
                  44;              4009656
                  45;              7335279
                  46;              7597359
                  47;               470841
                  48;              1461957
                  49;              4511367
                  50;              6437907
                  51;              6701919
                  52;              6881889
                  53;              9813342
                  54;               707805
                  55;              4985400
                  56;              5137503
                  57;              4261509
                  58;               817215
                  59;              2152290
                  60;              6622140
                  61;               323505
                  62;              1239714
                  63;              3831786
                  64;              9324336
                  65;              2633211
                  66;              4949049
                  67;              1661310
                  68;              6475182
                  69;              1371048
                  70;              1959090
                  71;              3086601
                  72;              3887772
                  73;              3502317
                  74;              5141115
                  75;              6345444
                  76;              7860216
                  77;               941220
                  78;              3781092
                  79;              4483794
                  80;               728553
                  81;              4272135
                  82;              6433161
                  83;              9532257
                  84;             11992869
                  85;             14211477
                  86;               252693
                  87;              1050840
                  88;              5398386
                  89;              5990061
                  90;              6749148
                  91;              6870549
                  92;             10745805
                  93;             15218679
                  94;              4326504
                  95;               159894
                  96;               425334
                  97;              4905243
                  98;              1637223
                  99;              2069382
                 100;              5592657
                 101;              1122051
                 102;              3889578
                 103;              4233159
                 104;              2851506
                 105;              2529408
                 106;              3878343
                 107;              5894553
                 108;              7182357
                 109;               349293
                 110;              3087378
                 111;              4153968
                 112;              2034648
                 113;              2368422
                 114;              1289358
                 115;              3212601
                 116;              4726029
                 117;              1669416
                 118;              5175702
                 119;              2010015
                 120;              2444253
                 121;              3090150
                 122;              1336650
                 123;              1325184
                 124;              4586001
                 125;              3153444
                 126;               492933
                 127;              1880109
                 128;              5320959
                 129;              8201319
                 130;              2760513
                 131;               342993
                 132;              4900560
                 133;              3355632
                 134;              1207143
                 135;              1271529
                 136;              5504100
                 137;              8478057
                 138;             12378219
                 139;               271866
                 140;              3614499
                 141;               918372
                 142;               719901
                 143;              2158128
                 144;              2808078
                 145;              6346368
                 146;              6980064
                 147;              6199515
                 148;              1990884
                 149;              3148635
                 150;               451479
                 151;               551754
                 152;              5777625
                 153;              1216173
                 154;              3796632
                 155;              3845058
                 156;              5118561
                 157;              1951383
                 158;              3384318
                 159;               169890
                 160;              3348933
                 161;              6815760
                 162;              8278725
                 163;              9427845
                 164;             12594057
                 165;             14905590
                 166;              3018204
                 167;              3816099
                 168;              4344060
                 169;              1787667
                 170;              2624286
                 171;              4231710
                 172;              4310355
                 173;               495012
                 174;              2789724
                 175;              4114572
                 176;              5930694
                 177;              6698223
                 178;              3536988
                 179;               417375
                 180;              1047333
                 181;              1361976
                 182;              7041699
                 183;               453369
                 184;                80199
                 185;              2745498
                 186;             10349388
                 187;               208572
                 188;              1091202
                 189;              2227764
                 190;              1871499
                 191;              3314787
                 192;              4734723
                 193;              6146112
                 194;              2909193
                 195;              4803792
                 196;              6901188
                 197;              7460901
                 198;             12628455
                 199;              2873346
                 200;              3182319
                 201;              3653391
                 202;              5555529
                 203;             12808845
                 204;             12955803
                 205;             14479752
                 206;              2100441
                 207;              3424407
                 208;              7299747
                 209;                58548
                 210;               953211
                 211;              1268022
                 212;              9334311
                 213;              9797109
                 214;               495684
                 215;               701211
                 216;              9904482
                 217;              1576659
                 218;              1251579
                 219;              7681044
                 220;              3311952
                 221;              3608619
                 221;              3608346
                 223;              5490051
                 224;               244356
                 225;              2176020
                 226;              3664269
                 227;              5620545
                 228;              5896086
                 229;              8106756
                 230;             13095810
                 231;              4244289
                 232;              6479655
                 233;              6793815
                 234;              8311779
                 235;             12831504
                 236;             14005530
                 237;             14310996
                 238;              9799545
                 239;             10483767
                 240;             10982391
                 241;             13501110
                 242;             15380946
                 243;             16682673
                 244;             16716546
                 245;              2072868
                 246;               565593
                 247;               843906
                 248;              3134208
                 249;              5122803
                 250;               300216
                 251;              1035216
                 252;              7616637
                 253;               212793
                 254;               407820
                 255;                17073
                 256;              3599337
                 257;              4172658
                 258;              5330157
                 259;              9802905
                 260;               502215
                 261;              3964086
                 262;              3468612
                 263;              4918641
                 264;              5667585
                 265;              6332550
                 266;              6665589
                 267;              1698018
                 268;               594909
                 269;               813288
                 270;              6456471
                 271;              8172360
                 272;              4068750
                 273;               957579
                 274;              2320080
                 275;              8700720
                 276;              1259265
                 277;              6653955
                 278;               410991
                 279;              3294522
                 280;              4789533
                 281;              6702402
                 282;              7689927
                 283;             14200284
                 284;              4102476
                 285;              5759775
                 286;              6891423
                 287;              1446039
                 288;              3563028
                 289;              4484025
                 290;               747222
                 291;              1660197
                 292;              2051910
                 293;              3796926
                 294;              4398009
                 295;              5556138
                 296;               412797
                 297;              1151745
                 298;              1351245
                 299;              2160207
                 300;               473676
                 301;              1881264
                 302;               603792
                 303;              6397188
                 304;             11181324
                 305;               677082
                 306;              3365964
                 306;              3371088
                 308;              3689406
                 309;              4708116
                 310;              7811895
                 311;              8795367
                 312;             19026798
                 313;             10679214
                 314;             10941672
                 315;               557886
                 316;              4495659
                 317;              4787622
                 318;              8402688
                 319;              4699317
                 320;              5647341
                 321;                60522
                 322;               882987
                 323;               956235
                 324;              1204434
                 325;              4360482
                 326;              2763663
                 327;              4390386
                 328;              7217385
                 329;              2524368
                 330;              2555889
                 331;              3215058
                 332;              5912655
                 333;              2603223
                 334;              7106778
                 335;              2788737
                 336;              3020955
                 337;              3549966
                 338;              5929623
                 339;              1302525
                 340;              6839553
                 341;              3377388
                 342;              3450069
                 343;              5382888
                 344;              6268962
                 345;             12341616
                 346;              2070096
                 347;              2841804
                 348;              5699358
                 349;              6296388
                 350;              6581148
                 351;             12160218
                 352;              2575041
                 353;              5177340
                 354;              5776428
                 355;             11120361
                 356;              3749340
                 357;              9095814
                 358;             10168641
                 359;              6408633
