                   0;            359548235
                   1;            361144238
                   2;            361562050
                   3;            363581327
                   4;            372206996
                   5;            398399944
                   6;            402862014
                   7;            407962956
                   8;            233928770
                   9;            235968455
                  10;            241768990
                  11;            249079437
                  12;            256714426
                  13;            273613441
                  14;            276240699
                  15;            280434266
                  16;            266937195
                  17;            276220404
                  18;            283368076
                  19;            287015375
                  20;            289021101
                  21;            296580571
                  22;            297792483
                  23;            306952325
                  24;            270439157
                  25;            310085498
                  26;            311677977
                  27;            321430256
                  28;             35486085
                  29;             56636001
                  30;             70556022
                  31;             79810697
                  32;             97168924
                  33;            127095086
                  34;            134947101
                  35;            141065042
                  36;             50962277
                  37;             61529837
                  38;             68142271
                  39;            107932946
                  40;             62081318
                  41;            102959040
                  42;            122847769
                  43;            123877346
                  44;             69078938
                  45;             82729963
                  46;             91229052
                  47;            115636610
                  48;             60412214
                  49;             84643050
                  50;             99955798
                  51;            103249874
                  52;             80814076
                  53;            103261386
                  54;            120241653
                  55;            123370671
                  56;             45317363
                  57;             65646912
                  58;             81897541
                  59;             91056065
                  60;            109899333
                  61;            141716363
                  62;            143618522
                  63;            149662875
                  64;             29928183
                  65;             65146166
                  66;             93536124
                  67;             94147954
                  68;            102755014
                  69;            127470303
                  70;            143889068
                  71;            162626749
                  72;             16355859
                  73;             18862571
                  74;             48983867
                  75;             51917831
                  76;            125976145
                  77;            142966416
                  78;            175686705
                  79;            177699355
                  80;             28662016
                  81;             31903786
                  82;             68000612
                  83;             68316981
                  84;             96201504
                  85;            147267767
                  86;            173326718
                  87;            190186895
                  88;             22488606
                  89;             50420622
                  90;             62372062
                  91;             63239056
                  92;            238961420
                  93;            245483323
                  94;            257357669
                  95;            270672974
                  96;              2009145
                  97;              6825592
                  98;              2452069
                  99;              3501160
                 100;            224995340
                 101;            231630488
                 102;            266130697
                 103;            281022861
                 104;            296301427
                 105;             12252730
                 106;             16077116
                 107;             29185635
                 108;            161089421
                 109;              5930225
                 110;             11705636
                 111;             38530091
                 112;             62285443
                 113;              7938138
                 114;              7334703
                 115;             38908111
                 116;             26102512
                 117;             50018451
                 118;              4146391
                 119;             49244101
                 120;            161276968
                 121;            192015130
                 122;            193952950
                 123;            237108661
                 124;              1741439
                 125;              9058154
                 126;             10837776
                 127;              1472161
                 128;            186616503
                 129;              1327127
                 130;             12091825
                 131;             25342291
                 132;             50981734
                 133;             64683372
                 134;              7850574
                 135;             21461499
                 136;             13286154
                 137;             84225738
                 138;              1913767
                 139;             37961625
                 140;             44503296
                 141;             77960174
                 142;            117930752
                 143;             41134488
                 144;             17197785
                 145;             18270336
                 146;             19229231
                 147;              5155960
                 148;            136621161
                 149;            163322703
                 150;            169669159
                 151;            186911293
                 152;             39802834
                 153;             12029906
                 154;              6156554
                 155;              9863086
                 156;            258500835
                 157;            274024996
                 158;            275543560
                 159;            334876092
                 160;            338855293
                 161;             22650533
                 162;             41574170
                 163;             23634609
                 164;            178853173
                 165;            210716620
                 166;            225105183
                 167;            244871924
                 168;              8683838
                 169;             20851488
                 170;              4921478
                 171;             15106538
                 172;             61618161
                 173;            127204992
                 174;            132529743
                 175;             41535785
                 176;              6524117
                 177;             16965649
                 178;             94758312
                 179;             18912926
                 180;             58306743
                 181;             17756864
                 182;             26229580
                 183;             11630148
                 184;             78102442
                 185;            102278893
                 186;               134139
                 187;             19360770
                 188;               361308
                 189;              6044320
                 190;             14711224
                 191;              5296939
                 192;             22266146
                 193;             96118064
                 194;              9559034
                 195;             20932688
                 196;             40409826
                 197;             16595656
                 198;              4274490
                 199;             24999147
                 200;            117876164
                 201;            144003289
                 202;              7449146
                 203;             64832554
                 204;              4697151
                 205;             16638326
                 206;             48295128
                 207;             13112937
                 208;             58907233
                 209;             23231188
                 210;             34339274
                 211;             11388060
                 212;             30551083
                 213;              6161120
                 214;             62989355
                 215;             32128434
                 216;             38605968
                 217;             43727163
                 218;             19808507
                 219;             26574304
                 220;             37488626
                 221;             15680249
                 222;             88898012
                 223;              6013005
                 224;              9784726
                 225;             49159143
                 226;              4746188
                 227;              1782364
                 228;             87261347
                 229;             74074184
                 230;            108213116
                 231;            111098603
                 232;             12755248
                 233;             23302680
                 234;             35038958
                 235;             20574015
                 236;             69235644
                 237;             96556516
                 238;            111951765
                 239;            134701336
                 240;             12317760
                 241;              7826753
                 242;              6988828
                 243;             27984962
                 244;             65610351
                 245;             80324836
                 246;             26582566
                 247;             30942917
                 248;             75052073
                 249;             17657745
                 250;             15022145
                 251;             14743450
                 252;             40485703
                 253;             97907431
                 254;             44053546
                 255;             47877694
                 256;             24555762
                 257;             12654177
                 258;             14464535
                 259;             35066117
                 260;             28190014
                 261;             13923684
                 262;             20540763
                 263;             16729284
                 264;             60628734
                 265;             28911157
                 266;             46728381
                 267;             58237053
                 268;             17516046
                 269;              8583277
                 270;             61891853
                 271;              8179950
                 272;             51780047
                 273;             55626097
                 274;              7155582
                 275;             12803485
                 276;             66791022
                 277;              8645584
                 278;              3682444
                 279;             48858348
                 280;              9541490
                 281;             67467688
                 282;             54837834
                 283;              7118615
                 284;             44363182
                 285;              6269142
                 286;             25257097
                 287;              8056235
                 288;             70455841
                 289;             11272979
                 290;             68234114
                 291;             20692861
                 292;             44308465
                 293;             73456374
                 294;             22635278
                 295;              8699171
                 296;             21675671
                 297;             10797640
                 298;             45249614
                 299;            116091163
                 300;             20057788
                 301;             39437110
                 302;             50644209
                 303;             60919756
                 304;             28048193
                 305;              7409423
                 306;             11243605
                 307;             32239947
                 308;             64707165
                 309;             92948738
                 310;             93862050
                 311;             16065616
                 312;             20066025
                 313;               218042
                 314;             16779394
                 315;             67559426
                 316;            135053153
                 317;             66051438
                 318;              9226870
                 319;             11262905
                 320;             24050163
                 321;             43909148
                 322;             17277314
                 323;             73607623
                 324;            132686087
                 325;             60046145
                 326;            101267131
                 327;            117900183
                 328;            118667493
                 329;            135264192
                 330;            146494063
                 331;             17870151
                 332;            171323003
                 333;            188249168
                 334;            218542390
                 335;            227264882
                 336;            183043252
                 337;            205637822
                 338;            221939379
                 339;              4627714
                 340;            175861299
                 341;            197549945
                 342;            211817984
                 343;            217712441
                 344;            178910055
                 345;            204246583
                 346;            212888655
                 347;            226675110
                 348;            164619533
                 349;            176992672
                 350;            205663407
                 351;               889096
                 352;            138687582
                 353;            183693053
                 354;            197145816
                 355;             39222419
                 356;            131819543
                 357;            168003112
                 358;            183478040
                 359;            197798309
