nbb 1440
                   0;              7539924
                   1;              9808414
                   2;             21611058
                   3;             24362506
                   4;              4663736
                   5;              6962368
                   6;             16334192
                   7;             19197444
                   8;              4705918
                   9;             11536980
                  10;             16237564
                  11;             19189520
                  12;              4726106
                  13;             16121938
                  13;             16134202
                  15;             19250098
                  16;              4688754
                  17;             16091992
                  18;             19196352
                  19;             20726132
                  20;              3269294
                  21;             14538804
                  22;             17702622
                  23;             23818592
                  24;              4970812
                  25;              9895928
                  26;             13129116
                  27;              3435712
                  28;              4920706
                  29;              5107788
                  30;              8303974
                  31;              8215620
                  32;              4878076
                  33;               453488
                  34;              3555300
                  35;              1614928
                  36;              4878412
                  37;             16099468
                  38;             19195456
                  39;              3248630
                  40;              4801510
                  41;             16094232
                  42;             19216190
                  43;              4666046
                  44;              7782096
                  45;             16061318
                  46;             19166196
                  47;              4601394
                  48;             12436928
                  49;             16023448
                  50;             19202512
                  51;              4564140
                  52;             17164028
                  52;             17162222
                  54;             19223302
                  55;              4472482
                  56;             19167848
                  57;             22348116
                  57;             22350216
                  59;              1149666
                  60;             16046856
                  61;              1241212
                  61;              1244012
                  63;              4188030
                  64;             11105626
                  65;              6297060
                  65;              6299524
                  67;              4045720
                  68;              6147596
                  69;             11430916
                  69;             11430104
                  71;              4018560
                  72;              1156764
                  73;              1313620
                  73;              1311604
                  75;              3972780
                  76;             19221440
                  77;              4095266
                  78;              6325172
                  78;              6328098
                  80;             19182394
                  81;              4142978
                  82;             11357626
                  82;             11355988
                  84;             19156340
                  85;              4148984
                  86;             16364614
                  86;             16363242
                  88;             19251820
                  89;              4119318
                  90;             21347984
                  90;             21347774
                  90;             21347074
                  93;              1805734
                  94;               532378
                  94;               535276
                  94;               535038
                  97;             19142466
                  98;              5735464
                  98;              5735814
                  98;              5733378
                 101;             19196114
                 102;             10885182
                 102;             10883026
                 102;             10883572
                 105;             19204262
                 106;             15923698
                 106;             15925728
                 106;             15921234
                 109;             19144860
                 110;             21061124
                 110;             21065534
                 110;             21063686
                 110;             21063140
                 114;             23977576
                 114;             23979480
                 114;             23981202
                 114;             23976064
                 118;             23970744
                 118;             23972774
                 118;             23971430
                 118;             23975168
                 122;             23979984
                 122;             23982028
                 122;             23983750
                 122;             23985752
                 126;             20480026
                 126;             20484548
                 126;             20483722
                 126;             20484212
                 130;             23955946
                 130;             23959838
                 130;             23957990
                 130;             23961826
                 134;             23966236
                 134;             23970772
                 134;             23969876
                 134;             23970254
                 138;             23911538
                 138;             23913806
                 138;             23916032
                 138;             23914226
                 142;             24030916
                 142;             24039680
                 142;             24037860
                 142;             24042998
                 146;             24180674
                 146;             24179876
                 146;             24183348
                 146;             24183096
                 150;             23921044
                 150;             23923046
                 150;             23918902
                 150;             23923172
                 154;             23992262
                 154;             23998366
                 154;             23996434
                 154;             23994320
                 158;             24054254
                 158;             24058748
                 158;             24056354
                 158;             24056788
                 162;             24078040
                 162;             24080714
                 162;             24079972
                 162;             24080280
                 166;             23978276
                 166;             23984114
                 166;             23982238
                 166;             23980348
                 170;             24013724
                 170;             24013094
                 170;             24012100
                 170;             24015544
                 174;             24035578
                 174;             24033296
                 174;             24035998
                 174;             24035172
                 178;             24114930
                 178;             24114426
                 178;             24114748
                 178;             24116862
                 182;             24181724
                 182;             24182690
                 182;             24185028
                 182;             24185280
                 186;             24213630
                 186;             24215772
                 186;             24215436
                 186;             24217802
                 190;             24349864
                 190;             24353070
                 190;             24347568
                 190;             24354974
                 194;             24271170
                 194;             24275342
                 194;             24274866
                 194;             24272990
                 198;             24151120
                 198;             24155054
                 198;             24157056
                 198;             24152996
                 202;             23957472
                 202;             23959418
                 202;             23961154
                 202;             23959180
                 206;             24031770
                 206;             24031434
                 206;             24033800
                 206;             24035718
                 210;             23974496
                 210;             23980782
                 210;             23978710
                 210;             23977044
                 214;             24045042
                 214;             24048052
                 214;             24044496
                 214;             24048136
                 218;             23933616
                 218;             23930452
                 218;             23933098
                 218;             23932804
                 222;             23939062
                 222;             23939622
                 222;             23936836
                 222;             23938712
                 226;             24155936
                 226;             24161256
                 226;             24161774
                 226;             24159310
                 230;             23907758
                 230;             23910866
                 230;             23911216
                 230;             23909046
                 234;             24226986
                 234;             24229072
                 234;             24225026
                 234;             24227070
                 238;             24069192
                 238;             24069024
                 238;             24072300
                 238;             24072524
                 242;             24042620
                 242;             24045196
                 242;             24044776
                 242;             24044874
                 246;             24060064
                 246;             24062346
                 246;             24064306
                 249;             40651646
                 250;             10551758
                 250;             10553102
                 250;             10553284
                 253;             19181428
                 254;             19630310
                 254;             19632578
                 254;             19634538
                 254;             19636582
                 258;             24448046
                 258;             24451070
                 258;             24450860
                 258;             24447178
                 262;             24468150
                 262;             24470530
                 262;             24468430
                 262;             24467520
                 266;             24425296
                 266;             24429160
                 266;             24432604
                 266;             24437882
                 270;             24399354
                 270;             24397198
                 270;             24401594
                 270;             24401300
                 274;             24381770
                 274;             24383730
                 274;             24383324
                 274;             24382876
                 278;             24375246
                 278;             24376898
                 278;             24376996
                 278;             24378074
                 282;             24446982
                 282;             24448508
                 282;             24448662
                 282;             24447528
                 286;             24391220
                 286;             24390520
                 286;             24394552
                 286;             24392312
                 290;             24417414
                 290;             24421334
                 290;             24419276
                 290;             24415132
                 294;             24394664
                 294;             24394986
                 294;             24398066
                 294;             24398276
                 298;             24433430
                 298;             24435124
                 298;             24431092
                 298;             24431750
                 302;             24448676
                 302;             24451630
                 302;             24447808
                 302;             24451448
                 306;             24427424
                 306;             24427200
                 306;             24429300
                 306;             24425786
                 310;             24506958
                 310;             24509170
                 310;             24511074
                 310;             24505600
                 314;             24454654
                 314;             24456292
                 314;             24457244
                 314;             24456698
                 318;             24480806
                 318;             24484964
                 318;             24482962
                 318;             24480400
                 322;             24464552
                 322;             24467674
                 322;             24467170
                 322;             24466890
                 326;             24532060
                 326;             24535448
                 326;             24535280
                 326;             24531906
                 330;             24486476
                 330;             24490354
                 330;             24495366
                 330;             24498880
                 334;             24384262
                 334;             24386474
                 334;             24386082
                 334;             24386936
                 338;             24440836
                 338;             24440346
                 338;             24441284
                 338;             24438036
                 342;             24451910
                 342;             24454094
                 342;             24453940
                 342;             24454640
                 346;             24363136
                 346;             24367210
                 346;             24369296
                 346;             24365474
                 350;             24416574
                 350;             24418394
                 350;             24420354
                 350;             24414866
                 354;             24441760
                 354;             24444826
                 354;             24445036
                 354;             24441732
                 358;             24431344
                 358;             24429762
                 358;             24435054
                 358;             24433402
                 362;             15465548
                 362;             15465114
                 362;             15462006
                 365;             19212844
                 366;             24413074
                 366;             24413200
                 366;             24409882
                 366;             24411226
                 370;             24437112
                 370;             24439590
                 370;             24443636
                 370;             24441606
                 374;             24449516
                 374;             24453310
                 374;             24455116
                 374;             24455452
                 378;             24380118
                 378;             24382022
                 378;             24385970
                 378;             24384150
                 382;             24477488
                 382;             24474800
                 382;             24481982
                 382;             24479672
                 386;             24487358
                 386;             24489178
                 386;             24489430
                 386;             24485622
                 390;             24413060
                 390;             24417064
                 390;             24413914
                 390;             24415342
                 394;             24444658
                 394;             24446996
                 394;             24447444
                 394;             24443552
                 398;             24317888
                 398;             24323852
                 398;             24321542
                 398;             24322088
                 402;             24374826
                 402;             24372936
                 402;             24378732
                 402;             24376758
                 406;             24404352
                 406;             24406830
                 406;             24407040
                 406;             24407488
                 410;             24435404
                 410;             24438876
                 410;             24439058
                 410;             24437448
                 414;             24293570
                 414;             24297672
                 414;             24299338
                 414;             24295502
                 418;             24384276
                 418;             24387468
                 418;             24384948
                 418;             24384752
                 422;             24479518
                 422;             24477236
                 422;             24481534
                 422;             24478958
                 426;             24482122
                 426;             24480176
                 426;             24484082
                 426;             24485804
                 430;             24474380
                 430;             24477012
                 430;             24478874
                 430;             24479588
                 434;             24451504
                 434;             24453898
                 434;             24453548
                 434;             24454374
                 438;             24460086
                 438;             24458350
                 438;             24462074
                 438;             24462536
                 442;             24441354
                 442;             24444182
                 442;             24443958
                 442;             24440626
                 446;             24525116
                 446;             24527608
                 446;             24524052
                 446;             24527860
                 450;             24570532
                 450;             24570434
                 450;             24568264
                 450;             24570126
                 454;             24541062
                 454;             24538780
                 454;             24542728
                 454;             24539690
                 458;             24535378
                 458;             24539886
                 458;             24537604
                 458;             24533278
                 462;             24512516
                 462;             24518886
                 462;             24514266
                 462;             24516506
                 466;             24467170
                 466;             24468626
                 466;             24470726
                 466;             24470488
                 470;             24547320
                 470;             24581270
                 470;             24554656
                 470;             24558030
                 474;             17641526
                 474;             17643584
                 474;             17645530
                 477;             19194560
                 478;             24467702
                 478;             24469522
                 478;             24469788
                 478;             24465812
                 482;             24493924
                 482;             24497452
                 482;             24499552
                 482;             24495800
                 486;             24479014
                 486;             24486042
                 486;             24483788
                 486;             24481646
                 490;             24476032
                 490;             24473932
                 490;             24477838
                 490;             24479700
                 494;             24494134
                 494;             24497886
                 494;             24499790
                 494;             24495884
                 498;             24448004
                 498;             24452344
                 498;             24452820
                 498;             24450734
                 502;             24433570
                 502;             24431568
                 502;             24431904
                 502;             24431232
                 506;             24427998
                 506;             24431022
                 506;             24431288
                 506;             24427396
                 510;             24451308
                 510;             24454682
                 510;             24454276
                 510;             24453842
                 514;             24455466
                 514;             24460982
                 514;             24460702
                 514;             24458728
                 518;             24477474
                 518;             24479798
                 518;             24483606
                 518;             24481646
                 522;             24412626
                 522;             24416462
                 522;             24412906
                 522;             24414544
                 526;             24408818
                 526;             24411310
                 526;             24412150
                 526;             24411926
                 530;             24440234
                 530;             24443790
                 530;             24443440
                 530;             24440780
                 534;             24402364
                 534;             24400502
                 534;             24405920
                 534;             24404128
                 538;             24441648
                 538;             24439380
                 538;             24445134
                 538;             24441158
                 542;             24281166
                 542;             24283350
                 542;             24285156
                 542;             24279304
                 546;             24303034
                 546;             24302824
                 546;             24302180
                 546;             24305106
                 550;             24375358
                 550;             24374602
                 550;             24374882
                 550;             24372572
                 554;             24297406
                 554;             24301270
                 554;             24295460
                 554;             24299408
                 558;             24317496
                 558;             24315648
                 558;             24314472
                 558;             24315480
                 562;             24318182
                 562;             24320772
                 562;             24322718
                 562;             24323012
                 566;             24356794
                 566;             24359076
                 566;             24361148
                 566;             24354484
                 570;             24498110
                 570;             24501498
                 570;             24502310
                 570;             24501806
                 574;             24354498
                 574;             24356780
                 574;             24356976
                 574;             24354722
                 578;             24347680
                 578;             24349528
                 578;             24351796
                 578;             24345356
                 582;             24456418
                 582;             24458322
                 582;             24454360
                 582;             24458994
                 586;             24406634
                 586;             24406228
                 586;             24408160
                 586;             24410288
                 590;             16482760
                 590;             16484888
                 590;             16484650
                 593;             19213180
                 594;             24420998
                 594;             24423168
                 594;             24425030
                 594;             24418338
                 598;             24451028
                 598;             24454598
                 598;             24452876
                 598;             24449810
                 602;             24294718
                 602;             24294508
                 602;             24293612
                 602;             24298386
                 606;             24391864
                 606;             24393096
                 606;             24391220
                 606;             24395000
                 610;             24358012
                 610;             24360042
                 610;             24360378
                 613;             34749806
                 614;             22411774
                 614;             22408288
                 614;             22408148
                 614;             22411396
                 618;             24416812
                 618;             24414908
                 618;             24418590
                 618;             24415566
                 622;             24588886
                 622;             24591224
                 622;             24593352
                 622;             24593604
                 626;             24431666
                 626;             24435600
                 626;             24437518
                 626;             24433514
                 630;             24277554
                 630;             24281026
                 630;             24278954
                 630;             24282888
                 634;             24490410
                 634;             24487666
                 634;             24492650
                 634;             24489962
                 638;             24281152
                 638;             24284820
                 638;             24282776
                 638;             24279108
                 642;             24346616
                 642;             24350676
                 642;             24351068
                 642;             24348646
                 646;             24379264
                 646;             24382918
                 646;             24381182
                 646;             24377318
                 650;             24502198
                 650;             24504228
                 650;             24505796
                 650;             24518942
                 654;             24499594
                 654;             24496962
                 654;             24500070
                 654;             24496738
                 658;             24502268
                 658;             24508092
                 658;             24506286
                 658;             24503934
                 662;             24467842
                 662;             24470068
                 662;             24471930
                 662;             24469732
                 666;             24464160
                 666;             24461472
                 666;             24462060
                 666;             24462788
                 670;             24523828
                 670;             24526600
                 670;             24526810
                 670;             24526096
                 674;             24521126
                 674;             24522750
                 674;             24518578
                 674;             24524682
                 678;             24356332
                 678;             24359524
                 678;             24359706
                 678;             24355982
                 682;             24487792
                 682;             24489458
                 682;             24490508
                 682;             24490340
                 686;             24483844
                 686;             24487302
                 686;             24486392
                 686;             24486770
                 690;             24396162
                 690;             24398766
                 690;             24401048
                 690;             24398066
                 694;             24197180
                 694;             24202612
                 694;             24199168
                 694;             24200820
                 698;             24393040
                 698;             24395224
                 698;             24391178
                 698;             24391136
                 702;             24250968
                 702;             24249246
                 702;             24249092
                 702;             24253082
                 706;             24288726
                 706;             24289048
                 706;             24289454
                 706;             24286780
                 710;             24323488
                 710;             24324720
                 710;             24326652
                 710;             24322004
                 714;             24393460
                 714;             24396218
                 714;             24395770
                 714;             24395602
                 718;             24321304
                 718;             24319652
                 718;             24318728
                 721;             35211400
                 722;             17329956
                 722;             17328822
                 722;             17332028
                 725;             19151440
                 726;             24290938
                 726;             24294438
                 726;             24291022
                 726;             24294522
                 730;             24325098
                 730;             24323656
                 730;             24323390
                 730;             24322802
                 734;             24387986
                 734;             24390520
                 734;             24385270
                 734;             24392676
                 738;             24348114
                 738;             24345916
                 738;             24352062
                 738;             24350256
                 742;             24387412
                 742;             24390506
                 742;             24389568
                 742;             24389890
                 746;             24324062
                 746;             24321654
                 746;             24323488
                 749;             30843526
                 750;             24338006
                 750;             24341632
                 750;             24341506
                 750;             24338286
                 754;             24429454
                 754;             24431960
                 754;             24432590
                 754;             24431750
                 758;             24368554
                 758;             24370780
                 758;             24371172
                 758;             24367812
                 762;             24401496
                 762;             24403498
                 762;             24401272
                 762;             24398794
                 766;             24427774
                 766;             24427130
                 766;             24427298
                 766;             24428978
                 770;             24437854
                 770;             24438022
                 770;             24434424
                 770;             24434074
                 774;             24391486
                 774;             24390086
                 774;             24393460
                 774;             24391402
                 778;             24363052
                 778;             24365572
                 778;             24365642
                 778;             24362408
                 782;             24404282
                 782;             24401636
                 782;             24406242
                 782;             24401104
                 786;             24343550
                 786;             24346728
                 786;             24346658
                 786;             24346350
                 790;             24285604
                 790;             24287298
                 790;             24289230
                 790;             24283882
                 794;             24299128
                 794;             24297042
                 794;             24301228
                 794;             24298862
                 798;             24380636
                 798;             24381770
                 798;             24379670
                 798;             24383688
                 802;             24422188
                 802;             24424218
                 802;             24424372
                 802;             24424848
                 806;             24356878
                 806;             24356528
                 806;             24357060
                 806;             24360826
                 810;             24407404
                 810;             24409476
                 810;             24409812
                 810;             24404674
                 814;             24223766
                 814;             24225012
                 814;             24227462
                 814;             24227742
                 818;             24300318
                 818;             24301172
                 818;             24303944
                 818;             24301018
                 822;             24294746
                 822;             24291260
                 822;             24296454
                 822;             24303258
                 826;             24215366
                 826;             24218614
                 826;             24216122
                 826;             24216948
                 830;             24333120
                 830;             24332728
                 830;             24335136
                 830;             24330208
                 834;             24280466
                 834;             24284988
                 834;             24283924
                 834;             24290588
                 838;             24202164
                 838;             24207960
                 838;             24204054
                 838;             24206042
                 842;             24350256
                 842;             24353686
                 842;             24355632
                 842;             24353434
                 846;             24423406
                 846;             24425408
                 846;             24427284
                 846;             24421488
                 850;             24446058
                 850;             24447990
                 850;             24444336
                 853;             28272132
                 854;             24288404
                 854;             24286402
                 854;             24286724
                 854;             24286080
                 858;             24287844
                 858;             24287494
                 858;             24285576
                 858;             24288474
                 862;             24385718
                 862;             24387734
                 862;             24388154
                 862;             24384878
                 866;             24327954
                 866;             24331678
                 866;             24331356
                 866;             24331202
                 870;             22969142
                 870;             22967210
                 870;             22970906
                 870;             22966762
                 874;             24330502
                 874;             24334968
                 874;             24333162
                 874;             24337082
                 878;             24311014
                 878;             24315200
                 878;             24314696
                 878;             24314850
                 882;             24383982
                 882;             24384598
                 882;             24387006
                 882;             24387062
                 886;             24268006
                 886;             24269994
                 886;             24272094
                 886;             24265836
                 890;             24044216
                 890;             24046638
                 890;             24046400
                 890;             24043740
                 894;             24105130
                 894;             24109862
                 894;             24108028
                 894;             24104822
                 898;             24169824
                 898;             24173730
                 898;             24173114
                 898;             24173380
                 902;             24103744
                 902;             24105746
                 902;             24107902
                 902;             24109778
                 906;             24136966
                 906;             24141572
                 906;             24143252
                 906;             24139472
                 910;             24177286
                 910;             24178630
                 910;             24181850
                 910;             24179148
                 914;             24259942
                 914;             24260488
                 914;             24263778
                 914;             24265444
                 918;             24229058
                 918;             24228120
                 918;             24231662
                 918;             24228736
                 922;             24192252
                 922;             24194310
                 922;             24199644
                 922;             24192770
                 926;             24223598
                 926;             24221778
                 926;             24225684
                 926;             24228344
                 930;             24253628
                 930;             24253908
                 930;             24252298
                 930;             24253460
                 934;             24191370
                 934;             24192644
                 934;             24191132
                 934;             24192266
                 938;             24204894
                 938;             24206210
                 938;             24203942
                 938;             24206028
                 942;             24220504
                 942;             24220686
                 942;             24225054
                 942;             24221498
                 946;             24184090
                 946;             24186288
                 946;             24188206
                 946;             24190138
                 950;             24211992
                 950;             24217046
                 950;             24215058
                 950;             24219132
                 954;             24174514
                 954;             24178364
                 954;             24180548
                 954;             24180982
                 958;             24209346
                 958;             24213098
                 958;             24210942
                 958;             24215114
                 962;             24200498
                 962;             24199616
                 962;             24200372
                 962;             24198650
                 966;             24259396
                 966;             24262350
                 966;             24262210
                 966;             24259774
                 970;             24188332
                 970;             24186120
                 970;             24187856
                 970;             24186428
                 974;             24342388
                 974;             24345188
                 974;             24344712
                 974;             24340246
                 978;             24130904
                 978;             24128846
                 978;             24132626
                 981;             28855750
                 982;             23368380
                 982;             23366406
                 982;             23370368
                 982;             23372384
                 986;             24169474
                 986;             24174150
                 986;             24172008
                 986;             24176376
                 990;             24005114
                 990;             24006668
                 990;             24008922
                 993;             27962718
                 994;             24126690
                 994;             24128706
                 994;             24132402
                 994;             24130596
                 998;             24224046
                 998;             24221946
                 998;             24224354
                 998;             24223906
                1002;             24141572
                1002;             24140956
                1002;             24143910
                1002;             24144288
                1006;             24213294
                1006;             24217396
                1006;             24219258
                1006;             24215310
                1010;             24297560
                1010;             24301578
                1010;             24295516
                1010;             24304182
                1014;             24204572
                1014;             24204390
                1014;             24205090
                1014;             24203746
                1018;             24349640
                1018;             24351572
                1018;             24351964
                1018;             24352328
                1022;             24255504
                1022;             24255966
                1022;             24259004
                1022;             24258794
                1026;             24265528
                1026;             24265052
                1026;             24264660
                1026;             24262672
                1030;             24317104
                1030;             24316096
                1030;             24319134
                1030;             24319162
                1034;             24168228
                1034;             24168830
                1034;             24169642
                1034;             24170860
                1038;             24219300
                1038;             24221848
                1038;             24222254
                1038;             24221428
                1042;             24300220
                1042;             24303356
                1042;             24303748
                1042;             24303006
                1046;             24271646
                1046;             24272290
                1046;             24274516
                1046;             24274782
                1050;             24293794
                1050;             24298288
                1050;             24300304
                1050;             24296356
                1054;             24303104
                1054;             24304686
                1054;             24301032
                1054;             24305274
                1058;             24280760
                1058;             24279122
                1058;             24281166
                1058;             24281502
                1062;             24338342
                1062;             24342584
                1062;             24340512
                1062;             24336312
                1066;             24305960
                1066;             24310748
                1066;             24308634
                1066;             24312764
                1070;             24302110
                1070;             24305162
                1070;             24305344
                1070;             24302152
                1074;             24349374
                1074;             24347442
                1074;             24347568
                1074;             24351404
                1078;             24276098
                1078;             24273116
                1078;             24275440
                1078;             24275972
                1082;             24238116
                1082;             24240230
                1082;             24241420
                1082;             24240594
                1086;             24295964
                1086;             24296972
                1086;             24296552
                1086;             24299282
                1090;             24214694
                1090;             24216388
                1090;             24218362
                1090;             24212566
                1094;             24255784
                1094;             24255644
                1094;             24259116
                1094;             24258920
                1098;             16356536
                1098;             16359378
                1098;             16359630
                1101;             19255852
                1102;             24262840
                1102;             24265864
                1102;             24265794
                1102;             24263918
                1106;             24261216
                1106;             24263092
                1106;             24265304
                1106;             24258458
                1110;             22532496
                1110;             22535814
                1110;             22532188
                1110;             22535968
                1114;             24222646
                1114;             24222828
                1114;             24223094
                1114;             24222086
                1118;             24301144
                1118;             24305148
                1118;             24303580
                1118;             24299198
                1122;             17803268
                1122;             17806264
                1122;             17806152
                1125;             19241558
                1126;             24362310
                1126;             24364270
                1126;             24366048
                1126;             24359370
                1130;             24349822
                1130;             24353910
                1130;             24347344
                1130;             24351572
                1134;             19536832
                1134;             19540794
                1134;             19693408
                1134;             19538890
                1138;             24049032
                1138;             24055612
                1138;             24051622
                1138;             24053694
                1142;             24058468
                1142;             24055570
                1142;             24056256
                1142;             24056088
                1146;             24010112
                1146;             24012268
                1146;             24012436
                1146;             24010182
                1150;             24045196
                1150;             24047786
                1150;             24047814
                1150;             24045784
                1154;             24151918
                1154;             24154368
                1154;             24154844
                1154;             24154130
                1158;             23986914
                1158;             23982784
                1158;             23984646
                1158;             23989000
                1162;             24099138
                1162;             24101462
                1162;             24101868
                1162;             24101098
                1166;             24002090
                1166;             24004218
                1166;             24004680
                1166;             24004078
                1170;             23968392
                1170;             23973250
                1170;             23971472
                1170;             23975196
                1174;             24105872
                1174;             24109820
                1174;             24103604
                1174;             24107706
                1178;             24188276
                1178;             24186246
                1178;             24190712
                1178;             24190278
                1182;             24030846
                1182;             24032722
                1182;             24034612
                1182;             24036334
                1186;             24113796
                1186;             24117576
                1186;             24117100
                1186;             24116820
                1190;             24007592
                1190;             24008404
                1190;             24008180
                1190;             24005520
                1194;             24097780
                1194;             24101462
                1194;             24103478
                1194;             24099572
                1198;             24073658
                1198;             24072776
                1198;             24074764
                1198;             24077186
                1202;             23966502
                1202;             23970254
                1202;             23968168
                1202;             23968238
                1206;             24058202
                1206;             24061716
                1206;             24059882
                1206;             24057572
                1210;             24043502
                1210;             24044790
                1210;             24047716
                1210;             24045770
                1214;             23999556
                1214;             24001726
                1214;             24003812
                1214;             24001544
                1218;             23993886
                1218;             23998996
                1218;             23997218
                1218;             23995076
                1222;             24120530
                1222;             24121958
                1222;             24119998
                1222;             24121678
                1226;             23977254
                1226;             23975000
                1226;             23976792
                1226;             23976358
                1230;             23986606
                1230;             23992164
                1230;             23990064
                1230;             23989700
                1234;             24094574
                1234;             24096674
                1234;             24096408
                1234;             24098788
                1238;             24004232
                1238;             24004064
                1238;             24001964
                1238;             24002748
                1242;             23988006
                1242;             23987978
                1242;             23989658
                1242;             23991744
                1246;             24093118
                1246;             24094994
                1246;             24096870
                1246;             24090542
                1250;             23955498
                1250;             23959446
                1250;             23953482
                1250;             23957486
                1254;             23970156
                1254;             23974132
                1254;             23973964
                1254;             23969988
                1258;             24118836
                1258;             24124450
                1258;             24122588
                1258;             24120908
                1262;             24067904
                1262;             24064936
                1262;             24066560
                1262;             24077718
                1266;             23988748
                1266;             23993424
                1266;             23995468
                1266;             23991576
                1270;             24105718
                1270;             24111038
                1270;             24108994
                1270;             24112914
                1274;             24069108
                1274;             24071012
                1274;             24072790
                1274;             24073000
                1278;             24114048
                1278;             24114426
                1278;             24116106
                1278;             24117296
                1282;             24052210
                1282;             24056424
                1282;             24058384
                1282;             24054380
                1286;             24099726
                1286;             24104290
                1286;             24098270
                1286;             24101602
                1290;             24233412
                1290;             24236982
                1290;             24234560
                1290;             24239236
                1294;             24055402
                1294;             24058202
                1294;             24054814
                1294;             24059854
                1298;             24123022
                1298;             24120474
                1298;             24122210
                1298;             24122000
                1302;             24063088
                1302;             24062878
                1302;             24061464
                1302;             24066084
                1306;             24121300
                1306;             24122140
                1306;             24123246
                1306;             24124016
                1310;             23995552
                1310;             23993662
                1310;             23995622
                1310;             23994334
                1314;             24000718
                1314;             24000354
                1314;             23998982
                1314;             24001110
                1318;             23980894
                1318;             23983344
                1318;             23983036
                1318;             23985346
                1322;             23997078
                1322;             23996392
                1322;             24000214
                1322;             23999836
                1326;             24060400
                1326;             24061296
                1326;             24064698
                1326;             24063214
                1330;             24065440
                1330;             24070368
                1330;             24068100
                1330;             24068436
                1334;             24080882
                1334;             24080854
                1334;             24078292
                1334;             24083108
                1338;             23947350
                1338;             23951144
                1338;             23949142
                1338;             23948778
                1342;             24108882
                1342;             24111150
                1342;             24112970
                1342;             24107020
                1346;             24026002
                1346;             24027990
                1346;             24030034
                1346;             24022992
                1350;             24086748
                1350;             24089240
                1350;             24086804
                1350;             24084480
                1354;             24003938
                1354;             24007256
                1354;             24007032
                1354;             24003616
                1358;             24123554
                1358;             24129098
                1358;             24127222
                1358;             24125234
                1362;             23936864
                1362;             23938810
                1362;             23939006
                1362;             23939510
                1366;             24017910
                1366;             24017392
                1366;             24017672
                1366;             24016902
                1370;             24027458
                1370;             24029334
                1370;             24025470
                1370;             24026198
                1374;             24111444
                1374;             24115840
                1374;             24113152
                1374;             24111346
                1378;             24029894
                1378;             24029978
                1378;             24033310
                1378;             24033072
                1382;             24075926
                1382;             24075758
                1382;             24078418
                1382;             24075380
                1386;             24058986
                1386;             24065062
                1386;             24061226
                1386;             24063438
                1390;             23975714
                1390;             23978304
                1390;             23977898
                1390;             23975154
                1394;             24028158
                1394;             24034164
                1394;             24032162
                1394;             24030314
                1398;             24050642
                1398;             24053008
                1398;             24053162
                1398;             24053848
                1402;             24159856
                1402;             24164140
                1402;             24158862
                1402;             24161844
                1406;             24103016
                1406;             24107230
                1406;             24104906
                1406;             24109302
                1410;             23980908
                1410;             23980278
                1410;             23979760
                1410;             23980572
                1414;             24141586
                1414;             24148124
                1414;             24144134
                1414;             24146304
                1418;             24119396
                1418;             24116932
                1418;             24123330
                1418;             24121342
                1422;             24135384
                1422;             24132738
                1422;             24137036
                1424;             24316670
                1426;             24243534
                1426;             24246194
                1426;             24248112
                1426;             24241728
                1430;             24120824
                1430;             24122812
                1430;             24125262
                1430;             24118136
                1434;             24168830
                1434;             24172400
                1434;             24170692
                1437;             15826356
                1438;             19237204
                1439;             23690254
