                   0;            438793732
                   1;            437333920
                   2;            436930322
                   3;            436868970
                   4;            438316408
                   5;            442915900
                   6;            439575280
                   7;            437119058
                   8;            437252166
                   9;            438298936
                  10;            439802476
                  11;            437390222
                  12;            437252740
                  13;            437363230
                  14;            437315744
                  15;            438427912
                  16;            437517526
                  17;            437538836
                  18;            437541282
                  19;            438672812
                  20;            437341602
                  21;            440050674
                  22;            437831652
                  23;            437336992
                  24;            437615670
                  25;            437387632
                  26;            438906008
                  27;            437368008
                  28;            437360748
                  29;            437375702
                  30;            437435792
                  31;            437389142
                  32;            437592560
                  33;            437655192
                  34;            437414394
                  35;            437446650
                  36;            437412304
                  37;            438725408
                  38;            437410694
                  39;            437452114
                  40;            438907332
                  41;            438006960
                  42;            437531442
                  43;            437553274
                  44;            437684162
                  45;            437924170
                  46;            437775812
                  47;            437793494
                  48;            438961452
                  49;            437741954
                  50;            438042504
                  51;            438074724
                  52;            438023796
                  53;            439024480
                  54;            437885574
                  55;            437713460
                  56;            437778370
                  57;            437484816
                  58;            437475060
                  59;            438835018
                  60;            437835180
                  61;            437742924
                  62;            437792288
                  63;            438649214
                  64;            438818674
                  65;            437701418
                  66;            437443818
                  67;            437892188
                  68;            437760524
                  69;            437752770
                  70;            438930354
                  71;            438054598
                  72;            437690922
                  73;            437738830
                  74;            437750836
                  75;            438717330
                  76;            437632882
                  77;            437425516
                  78;            437368976
                  79;            437445798
                  80;            437627718
                  81;            439488296
                  82;            437342420
                  83;            437357580
                  84;            437389356
                  85;            437941756
                  86;            438672680
                  87;            437681516
                  88;            437630506
                  89;            437893332
                  90;            437734154
                  91;            437680024
                  92;            438741356
                  93;            437407346
                  94;            437385368
                  95;            437410140
                  96;            437399712
                  97;            438688130
                  98;            437583992
                  99;            437792148
                 100;            437593534
                 101;            438075334
                 102;            437359988
                 103;            439269260
                 104;            437297488
                 105;            437352574
                 106;            437317344
                 107;            438022294
                 108;            438842630
                 109;            437349096
                 110;            437780630
                 111;            437420998
                 112;            437371936
                 113;            437388280
                 114;            438738326
                 115;            437858430
                 116;            437579824
                 117;            437612302
                 118;            437591814
                 119;            439117190
                 120;            437580080
                 121;            437710528
                 122;            437306146
                 123;            437371006
                 124;            437294508
                 125;            438818588
                 126;            437350538
                 127;            437847322
                 128;            437557308
                 129;            437849040
                 130;            438504712
                 131;            437321912
                 132;            437256382
                 133;            437284262
                 134;            437286428
                 135;            437354126
                 136;            437760156
                 137;            437299106
                 138;            437719936
                 139;            437223178
                 140;            437304328
                 141;            438255496
                 142;            463270890
                 143;            446455306
                 144;            462298216
                 145;            462335852
                 146;            463129686
                 147;            462702530
                 148;            461325524
                 149;            438717918
                 150;            439145498
                 151;            437752612
                 152;            438496368
                 153;            437471964
                 154;            437521546
                 155;            437492648
                 156;            438014816
                 157;            438516890
                 158;            437461580
                 159;            437729518
                 160;            437539176
                 161;            437512734
                 162;            437500798
                 163;            438003720
                 164;            437509248
                 165;            437795636
                 166;            437531346
                 167;            437562882
                 168;            438461320
                 169;            437546912
                 170;            559715820
                 171;            466817566
                 172;            442319266
                 173;            438564304
                 174;            437726524
                 175;            436929892
                 176;            437014114
                 177;            437098816
                 178;            437104818
                 179;            437167852
                 180;            437018176
                 181;            437459582
                 182;            437255312
                 183;            437335940
                 184;            438255966
                 185;            437333824
                 186;            437115386
                 187;            437130546
                 188;            437180626
                 189;            437166348
                 190;            438332174
                 191;            437333344
                 192;            439132268
                 193;            437639708
                 194;            437688848
                 195;            438425846
                 196;            437164406
                 197;            467703004
                 198;            437478130
                 199;            437497126
                 200;            438860366
                 201;            451399672
                 202;            462123322
                 203;            462533330
                 204;            462425484
                 205;            462479074
                 206;            463195046
                 207;            462147554
                 208;            462113810
                 209;            462328224
                 210;            462837612
                 211;            464602418
                 212;            462120268
                 213;            463004020
                 214;            462357452
                 215;            442319606
                 216;            441209872
                 217;            437264792
                 218;            438701602
                 219;            438108062
                 220;            437041874
                 221;            437211320
                 222;            438661408
                 223;            443907330
                 224;            463631544
                 225;            461683646
                 226;            461890158
                 227;            456146082
                 228;            437190236
                 229;            439521700
                 230;            437058288
                 231;            437141834
                 232;            440375682
                 233;            437840268
                 234;            437664972
                 235;            437608816
                 236;            438441858
                 237;            437074008
                 238;            438438924
                 239;            437456746
                 240;            437463086
                 241;            437478412
                 242;            437512922
                 243;            438852840
                 244;            437962164
                 245;            437534948
                 246;            437407012
                 247;            437352760
                 248;            437325172
                 249;            438367430
                 250;            437367612
                 251;            437376894
                 252;            437344442
                 253;            437428874
                 254;            438141442
                 255;            437891284
                 256;            437373868
                 257;            438008948
                 258;            438154496
                 259;            437435742
                 260;            437780402
                 261;            437692306
                 262;            438074426
                 263;            437416980
                 264;            438198018
                 265;            438419172
                 266;            437921682
                 267;            437445502
                 268;            437437596
                 269;            437443020
                 270;            437389076
                 271;            438013910
                 272;            437566530
                 273;            438039328
                 274;            437589354
                 275;            437581878
                 276;            438356186
                 277;            437479006
                 278;            438543746
                 279;            437181940
                 280;            437684642
                 281;            438043434
                 282;            437853028
                 283;            437277874
                 284;            437695250
                 285;            437508168
                 286;            437570122
                 287;            438277986
                 288;            437308528
                 289;            437305874
                 290;            437356364
                 291;            438022640
                 292;            438400176
                 293;            438004632
                 294;            437386426
                 295;            437728074
                 296;            437645762
                 297;            437648832
                 298;            438708116
                 299;            437667620
                 300;            437412548
                 301;            437391906
                 302;            438090982
                 303;            438429678
                 304;            437769180
                 305;            437423394
                 306;            437758952
                 307;            437404048
                 308;            437472638
                 309;            438428252
                 310;            437662682
                 311;            437415144
                 312;            437450644
                 313;            437434366
                 314;            438230452
                 315;            437609614
                 316;            437426060
                 317;            437785002
                 318;            438138634
                 319;            437714756
                 320;            439699170
                 321;            439067794
                 322;            439146968
                 323;            437630320
                 324;            439784344
                 325;            438232142
                 326;            437962948
                 327;            437401744
                 328;            437772044
                 329;            437692564
                 330;            437685942
                 331;            438601012
                 332;            437259430
                 333;            437067364
                 334;            437130712
                 335;            437217408
                 336;            438059836
                 337;            437793726
                 338;            437452500
                 339;            437723582
                 340;            437484766
                 341;            437501376
                 342;            438465590
                 343;            437501952
                 344;            437290766
                 345;            437353228
                 346;            438674998
                 347;            438360704
                 348;            437849812
                 349;            437295644
                 350;            437532414
                 351;            437273766
                 352;            437320830
                 353;            439073928
                 354;            437773230
                 355;            437557968
                 356;            437571336
                 357;            437608620
                 358;            438427030
                 359;            438058498
